-7.075590924406
-6.864083871256
-6.641658478629
-6.408332691757
-6.164209991198
-5.909489579867
-5.644477689315
-5.369600505426
-5.085419461777
-4.792649986167
-4.492185229322
-4.185126853253
-3.872825553156
-3.55693442626
-3.239478035037
-2.922937765807
-2.610347255008
-2.305375841011
-2.012348351846
-1.736108479602
-1.481609142474
-1.253177075849
-1.05361078492
-0.883523031312
-0.7413244490159
-0.6250371758104
-0.5348391099157
-0.4629907239268
-0.4040091580503
-0.3544805495784
-0.3121558446183
-0.2754868015285
-0.2433696289283
-0.2149948547873
-0.1897551674607
-0.1671865771939
-0.1469295239674
-0.1287022609514
-0.1122818553942
-0.09748980289867
-0.08418023276404
-0.07222940673069
-0.06152595187003
-0.05196210258579
-0.04342693237179
-0.03580265569205
-0.02896426745151
-0.02278139073347
-0.01711996725765
-0.01171411859278
-0.006371455481404
-0.001090700435073
0.004129232527385
0.003027925226043
-0.001344121307623
-0.005628623603099
-0.009823815596329
-0.01392823666746
-0.0179406909171
-0.02186021224133
-0.02568603422168
-0.02941756403508
-0.0330543597386
-0.03659611040184
-0.0400426186547
-0.04339378529373
-0.04664959565154
-0.0498101074829
-0.05287544016171
-0.05584576501559
-0.05872129665215
-0.06150228515309
-0.06418900903093
-0.06678176885845
-0.06928088149401
-0.07168667483652
-0.07399948305327
-0.0762196422313
-0.0783474864099
-0.08038334395733
-0.08232753425972
-0.08418036469445
-0.08594212786395
-0.08761309906898
-0.08919353400324
-0.09068366665404
-0.09208370739538
-0.09339384126225
-0.09461422639663
-0.09574499265719
-0.09678624038636
-0.09773803932975
-0.09860042770415
-0.09937341141164
-0.1000569633985
-0.1006510231583
-0.1011554963811
-0.1015702547483
-0.1018951358789
-0.1021299434283
-0.1022744473459
-0.1023283842966
-0.1022914582533
-0.1021633412663
-0.1019436744209
-0.101632068989
-0.1012281077879
-0.1007313467555
-0.1001413167542
-0.09945752561685
-0.09867946044664
-0.09780659018718
-0.09683836847566
-0.09577423679558
-0.09461362794469
-0.0933559698342
-0.09200068963605
-0.09054721829456
-0.0889949954191
-0.08734347457373
-0.08559212897945
-0.08374045764356
-0.08178799192942
-0.07973430257846
-0.07757900719377
-0.07532177819244
-0.07296235123029
-0.07050053409906
-0.06793621609156
-0.06526937782509
-0.06250010150742
-0.05962858162269
-0.05665513600702
-0.05358021727454
-0.05040442454549
-0.04712851541667
-0.04375341810382
-0.04028024367233
-0.03671029826016
-0.03304509518254
-0.02928636679383
-0.02559603214014
-0.02256063553532
-0.02002478829302
-0.01784528300876
-0.01593460091063
-0.01423491956525
-0.01270583878523
-0.01131791294769
-0.01004895756602
-0.008881805726411
-0.007802876696046
-0.006801225437533
-0.005867890120495
-0.004995431435475
-0.004177599402308
-0.003409087307699
-0.00268534663884
-0.002002445630965
-0.001356959589464
-0.0007458847506708
-0.0001665698431248
0.0003833388598001
0.0009059420774637
0.0014031239373
0.001876581987851
0.002327852117748
0.002758329386469
0.003169285547853
0.003561883878355
0.003937191793674
0.004296191638975
0.00463978996183
0.004968825517622
0.005284076210521
0.005586265136177
0.005876065862847
0.006154107064032
0.00642097659664
0.006677225103207
0.00692336920406
0.007159894334953
0.007387257277146
0.007605888419823
0.00781619378885
0.008018556870961
0.008213340258315
0.008400887134919
0.008581522623455
0.00875555500856
0.008923276850509
0.009084966001421
0.009240886534593
0.009391289596194
0.00953641418746
0.009676487884511
0.009811727502081
0.009942339706688
0.01006852158416
0.01019046116583
