-7.093498151717
-6.8651779997
-6.645304387657
-6.430760737802
-6.221292939668
-6.01688413334
-5.817505632565
-5.623116673264
-5.433664316908
-5.249083510925
-5.069297303499
-4.894217205535
-4.72374368825
-4.557766801144
-4.396166892119
-4.238815409407
-4.085575763744
-3.936304228926
-3.790850859444
-3.649060405141
-3.510773204741
-3.375826042419
-3.244052954199
-3.115285973743
-2.98935580983
-2.86609245056
-2.745325691759
-2.62688558941
-2.510602837934
-2.396309078008
-2.283837139236
-2.173021224502
-2.063697044384
-1.955701911655
-1.848874807957
-1.743056437434
-1.638089286103
-1.533817711668
-1.430088097846
-1.326749122366
-1.223652212922
-1.120652308521
-1.01760912078
-0.9143892337727
-0.8108696651114
-0.7069441090446
-0.6025344480287
-0.4976135728628
-0.3922555219114
-0.2867632854808
-0.1820749931661
-0.08154614356662
-0.003286558290962
0.0007866898589024
-0.004392209089835
-0.01078384052173
-0.0182807874027
-0.02673639731339
-0.03574515284523
-0.04490949644585
-0.05394136452855
-0.06265236594691
-0.07092361216229
-0.07868264888798
-0.08588862999712
-0.09252280431187
-0.09858212947361
-0.1040747727463
-0.1090168241425
-0.1134298415661
-0.1173389979048
-0.1207716793592
-0.1237564291394
-0.1263221582598
-0.1284975636745
-0.1303107072905
-0.1317887194244
-0.1329575980385
-0.133842081214
-0.1344655751614
-0.1348501239172
-0.1350164099201
-0.1349837770722
-0.1347702697952
-0.1343926830857
-0.1338666197511
-0.133206551926
-0.1324258846883
-0.1315370201497
-0.1305514208322
-0.129479671474
-0.1283315386684
-0.1271160279337
-0.125841437966
-0.1245154119368
-0.1231449857849
-0.1217366335136
-0.1202963095496
-0.1188294882538
-0.1173412006949
-0.1158360688116
-0.1143183370995
-0.1127919019596
-0.1112603388497
-0.109726927377
-0.1081946744656
-0.1066663357321
-0.1051444351923
-0.1036312834215
-0.1021289942805
-0.1006395003162
-0.09916456693896
-0.09770580547346
-0.09626468517239
-0.09484254427975
-0.0934406002231
-0.09205995901028
-0.09070161224324
-0.08934428118836
-0.08796914935689
-0.08657784001884
-0.0851718993368
-0.0837527988905
-0.0823219381496
-0.08088064689377
-0.07943018757977
-0.0779717576552
-0.07650649181882
-0.07503546422745
-0.07355969064973
-0.07208013056685
-0.07059768922073
-0.06911321960993
-0.06762752443383
-0.06614135798565
-0.06465542799467
-0.06317039741851
-0.0616868861858
-0.06020547289013
-0.05872669643578
-0.05725105763604
-0.0557790207647
-0.05431101506164
-0.05284743619298
-0.05138864766686
-0.04993498220544
-0.04848674307394
-0.04704420536766
-0.04560761725767
-0.04417720119607
-0.04275315508176
-0.04133565338754
-0.0399248482494
-0.0385208705191
-0.0371238307807
-0.03573382033239
-0.03435091213408
-0.03297516172233
-0.03160660809306
-0.03024527455356
-0.02889116954445
-0.02754428743291
-0.02620460927819
-0.02487210357038
-0.02354672694373
-0.02222842486554
-0.02091713230183
-0.01961277436083
-0.01831526691573
-0.01702451720757
-0.01574042442982
-0.01446288029561
-0.01319176958915
-0.01192697070239
-0.01066835615842
-0.009415793122869
-0.008169143904711
-0.006928266447846
-0.005693014814935
-0.004463239664943
-0.003238788725859
-0.002019507264188
-0.0008052385527711
0.0004041756615009
0.001402945743249
0.001973669415061
0.002339698926861
0.002582046300032
0.002739144728221
0.002833244889258
0.002878867993195
0.002886286530471
0.002863195974275
0.002815607220011
0.002748361777913
0.002665447974552
0.002570205073567
0.002465460923482
0.002353628504784
0.00223677617008
