-0.1780984220789
-0.1765555443012
-0.1751718389274
-0.1739238636869
-0.1727862641969
-0.1717314689415
-0.1707290907341
-0.1697449211514
-0.1687393392761
-0.1676550487191
-0.1655769652606
-0.1613556453127
-0.1538163508887
-0.1409558597112
-0.1234812976139
-0.1088620602166
-0.09665821783578
-0.08628474434988
-0.07732441138825
-0.06947591873207
-0.06251908131246
-0.05629077462222
-0.05066822779025
-0.04555745636831
-0.04088525670362
-0.03659363691061
-0.03263590571378
-0.02897389199909
-0.02557594169677
-0.02241545509786
-0.01946980475093
-0.01671952494973
-0.01414769757532
-0.0117394816636
-0.009481749388553
-0.007362801666156
-0.005372143897636
-0.003500307526453
-0.00173870676491
-7.952250846017e-05
9.673886180589e-05
0.0001905085682145
0.0002769527833173
0.0003568431818299
0.0004308486015584
0.0004995519921428
0.0005634639873684
0.000623033892634
0.0006786586667733
0.0007306903286207
0.0007794421126766
0.0008251936215029
0.0008681951661526
0.000908671444031
0.0009468246720335
0.0009828372687597
0.001016874161101
0.001049084776108
0.001079604767769
0.001108557519375
0.001136055455079
0.001162201188474
0.001187088531454
0.001210803382833
0.001233424513109
0.001255024259262
0.001275669141342
0.00129542041091
0.001314334539877
0.001332463657146
0.001349855939368
0.001366555961304
0.001382605010516
0.00139804137053
0.001412900576024
0.001427215643184
0.001441017277966
0.001454334064647
0.001467192636788
0.001479617832448
0.001491632835301
0.001503259303085
0.001514517484682
0.001525426326949
0.001536003572317
0.001546265848055
0.001556228748004
0.00156590690749
0.001575314072055
0.001584463160588
0.001593366323358
0.001602034995422
0.001610479945809
0.001618711322869
0.001626738696112
0.001634571094842
0.00164221704387
0.001649684596545
0.00165698136533
0.001664114550127
0.001671090964545
0.00167791706026
0.001684598949644
0.001691142426781
0.001697552987012
0.001703835845117
0.001709995952241
0.001716038011664
0.001721966493503
0.001727785648417
0.001733499520409
0.001739111958772
0.001744626629258
0.00175004702451
0.001755376473837
0.001760618152342
0.001765775089491
0.001770850177123
0.001775846176973
0.001780765727717
0.001785611351591
0.001790385460601
0.001795090362354
0.001799728265541
0.00180430128509
0.001808811447014
0.001813260692971
0.001817650884558
0.001821983807356
0.001826261174737
0.00183048463146
0.001834655757053
0.001838776069014
0.00184284702582
0.001846870029778
0.001850846429715
0.001854777523512
0.001858664560516
0.001862508743802
0.001866311232326
0.001870073142954
0.001873795552393
0.001877479499006
0.001881125984544
0.001884735975776
0.001888310406049
0.001891850176748
0.001895356158699
0.001898829193491
0.001902270094731
0.001905679649238
0.001909058618178
0.001912407738141
0.001915727722165
0.001919019260706
0.001922283022569
0.001925519655787
0.001928729788459
0.001931914029548
0.001935072969641
0.001938207181674
0.001941317221625
0.001944403629162
0.001947466928284
0.001950507627905
0.001953526222435
0.00195652319232
0.001959499004563
0.001962454113219
0.001965388959871
0.001968303974082
0.001971199573829
0.001974076165915
0.001976934146365
0.001979773900807
0.001982595804833
0.001985400224344
0.001988187515884
0.001990958026957
0.001993712096333
0.001996450054337
0.001999172223131
0.002001878916981
0.002004570442513
0.002007247098964
0.002009909178412
0.002012556966009
0.002015190740198
0.002017810772917
0.002020417329807
0.002023010670403
0.002025591048318
0.002028158711423
0.002030713902019
0.002033256857001
0.002035787808019
0.002038306981626
0.002040814599434
0.002043310878246
0.002045796030199
