8.263605397583e-10
8.602348941315e-10
8.955365903833e-10
9.323014541507e-10
9.705768016632e-10
1.01038332479e-09
1.05177503531e-09
1.094770422765e-09
1.1393874567e-09
1.185633711655e-09
1.233507291416e-09
1.282960767968e-09
1.333971061913e-09
1.386450564932e-09
1.440298457959e-09
1.495374591306e-09
1.551499643487e-09
1.608406458888e-09
1.665830954656e-09
1.723384663298e-09
1.780628139134e-09
1.837068025004e-09
1.892063259075e-09
1.944938849556e-09
1.994911576248e-09
2.04112055842e-09
2.082674399029e-09
2.118668613809e-09
2.148240581426e-09
2.170680204442e-09
2.185480843587e-09
2.19254730012e-09
2.192207703022e-09
2.185934320596e-09
2.175310489218e-09
2.163437466003e-09
2.154143079742e-09
2.151920437117e-09
2.161287435713e-09
2.185937373114e-09
2.227627413568e-09
2.285360483092e-09
2.355051568028e-09
2.43000281613e-09
2.502085081678e-09
2.563298638931e-09
2.607437886795e-09
2.631339355862e-09
2.635185770817e-09
2.621979312588e-09
2.596298275169e-09
2.563196218179e-09
2.527224928828e-09
2.491965544251e-09
2.459969799053e-09
2.432714821387e-09
2.410915591696e-09
2.394707896764e-09
2.38378671317e-09
2.37765304766e-09
