-0.4435063206894
-0.4033838580109
-0.3645901776907
-0.3275804201508
-0.2927293027208
-0.2603151830745
-0.2305139480962
-0.2034028667669
-0.1789732111817
-0.1572561490458
-0.1390982739487
-0.1240372364905
-0.1113227279244
-0.1004370542706
-0.09101240316383
-0.08277920665913
-0.07553468296475
-0.06912294731856
-0.06342207581399
-0.05833574468276
-0.05378928743823
-0.04961062925776
-0.04508455495825
-0.04008569532749
-0.03459823011711
-0.02864514004255
-0.02236029309427
-0.01625328652961
-0.0112728333846
-0.007688058916797
-0.005744583952231
-0.004386963167709
-0.003338487718691
-0.002482993850597
-0.0017600529841
-0.001134055953879
-0.0005822065174822
-8.901661823716e-05
7.018583063279e-05
0.0001430530146115
0.0002012321586261
0.0002452374889796
0.0002752455986215
0.0002910768969349
0.0002921126905284
0.000277110004302
0.00024381197823
0.0001880607514566
0.0001013720624646
-0.0003425844537661
-0.001957592072322
-0.003657236560366
-0.00537781602186
-0.007089649370593
-0.008775371564772
-0.01042048424745
-0.01201030480034
-0.01352871770466
-0.01495744912989
-0.01627549669502
