-0.001969587617599
-0.0008870467245507
-4.184546412871e-05
0.0002268430573959
0.0001361258458946
-0.001960206663853
-0.01139545985302
-0.02137230144484
-0.03150132156581
-0.04173312232238
-0.05204658857827
-0.06242893925905
-0.07287091699871
-0.0833651158121
-0.09390525461104
-0.1044858086536
-0.1151017998592
-0.1257486666634
-0.1364221776035
-0.1471183708053
-0.1578335097766
-0.1685640499869
-0.1793066128488
-0.190057964998
-0.2008150014137
-0.2115747314504
-0.2223342670687
-0.2330908128105
-0.2438416571108
-0.2545841647336
