3.753735447258e-06
3.748675381634e-06
3.744018902764e-06
3.739772792406e-06
3.735943447882e-06
3.73253686169e-06
3.729558602573e-06
3.727013798479e-06
3.724907121483e-06
3.723242775041e-06
3.722024483594e-06
3.721255484391e-06
3.720938522315e-06
3.721075847024e-06
3.721669212803e-06
3.722719881118e-06
3.724228625843e-06
3.726195740867e-06
3.728621050239e-06
3.731503920538e-06
3.734843275362e-06
3.73863761176e-06
3.742885018446e-06
3.747583195301e-06
3.752729474326e-06
3.758320841506e-06
3.764353959367e-06
3.77082519031e-06
3.77773061998e-06
3.785066080705e-06
3.792827175085e-06
3.801009298863e-06
3.809607663576e-06
3.818617318466e-06
3.828033171556e-06
3.837850009807e-06
3.848062518387e-06
3.858665298816e-06
3.869652885843e-06
3.881019763453e-06
3.892760379436e-06
3.904869158666e-06
3.917340515774e-06
3.930168865884e-06
3.943348634659e-06
3.956874267263e-06
3.97074023586e-06
3.984941046851e-06
3.999471246143e-06
4.014325424174e-06
4.02949822012e-06
4.044984324858e-06
4.06077848343e-06
4.076875496833e-06
4.093270223167e-06
4.109957577875e-06
4.126932534087e-06
4.144190121782e-06
4.161725426882e-06
4.17953358981e-06
4.197609803733e-06
4.215949312667e-06
4.234547408699e-06
4.253399429531e-06
4.272500755594e-06
4.29184680674e-06
4.311433039264e-06
4.331254941897e-06
4.351308032732e-06
4.37158785527e-06
4.392089973934e-06
4.412809971327e-06
4.433743442944e-06
4.454885993505e-06
4.476233232873e-06
4.497780771225e-06
4.519524215364e-06
4.541459163239e-06
4.563581200473e-06
4.585885895107e-06
4.608368792771e-06
4.631025412915e-06
4.653851242755e-06
4.676841733213e-06
4.699992293713e-06
4.723298286477e-06
4.746755022947e-06
4.770357756679e-06
4.794101678945e-06
4.817981913197e-06
4.841993508767e-06
4.866131435984e-06
4.890390579221e-06
4.914765731349e-06
4.939251587061e-06
4.96384273631e-06
4.988533657669e-06
5.013318711087e-06
5.03819213044e-06
5.063148015882e-06
5.088180326482e-06
5.11328287103e-06
5.138449299839e-06
5.163673095817e-06
5.18894756481e-06
5.214265825832e-06
5.239620800503e-06
5.265005202631e-06
5.290411526591e-06
5.315832035023e-06
5.341258747492e-06
5.366683426243e-06
5.392097562977e-06
5.417492364805e-06
5.442858738443e-06
5.468187275281e-06
5.493468234203e-06
5.518691524387e-06
5.543846688066e-06
5.568922880206e-06
5.593908850052e-06
5.618792920173e-06
5.643562964876e-06
5.668206388425e-06
5.692710101622e-06
5.717060498408e-06
5.741243431117e-06
5.76524418474e-06
5.789047452034e-06
5.812637305932e-06
5.83599717305e-06
5.859109806453e-06
5.881957257831e-06
5.904520850448e-06
5.926781151459e-06
5.948717945408e-06
5.970310208848e-06
5.99153608457e-06
6.012372859872e-06
6.032796945638e-06
6.052783857441e-06
6.072308202476e-06
6.091343668418e-06
6.109863018787e-06
6.127838094103e-06
6.14523981955e-06
6.16203822279e-06
6.178202459544e-06
6.193700851921e-06
6.208500939087e-06
6.22256954233e-06
6.235872847087e-06
6.248376502352e-06
6.260045741626e-06
6.270845524526e-06
6.280740703165e-06
6.289696214718e-06
6.297677300998e-06
6.304649756443e-06
6.310580206471e-06
6.315436415892e-06
6.319187626754e-06
6.321804927048e-06
6.323261663474e-06
6.323533753928e-06
6.322600361662e-06
6.320444102769e-06
6.31705164826e-06
6.312414165617e-06
6.306527786558e-06
6.299394061883e-06
6.291020395414e-06
6.281420445849e-06
6.270614490626e-06
6.258629739594e-06
6.245500593861e-06
6.231268841269e-06
6.215983783968e-06
6.19970229469e-06
6.182488798109e-06
6.164415179283e-06
6.145560617643e-06
6.126011350133e-06
6.105860365219e-06
6.085207031121e-06
6.064156662681e-06
6.042820027646e-06
6.021312795948e-06
5.999754933986e-06
5.978270043333e-06
5.956984645851e-06
5.936027414824e-06
5.915528352539e-06
5.895617916067e-06
5.876426094063e-06
5.858081439471e-06
5.840710065567e-06
5.82443461486e-06
5.809373214995e-06
5.795638436405e-06
5.783336270671e-06
5.772565149866e-06
5.763415026774e-06
5.755966539562e-06
5.750290278796e-06
5.746446176961e-06
5.744483036903e-06
5.744438208263e-06
5.746337423749e-06
5.750194795549e-06
5.756012971926e-06
5.763783447577e-06
5.773487016375e-06
5.785094353739e-06
5.798566709878e-06
5.813856694234e-06
5.830909131609e-06
5.849661965693e-06
5.870047191133e-06
5.891991792691e-06
5.915418673576e-06
5.940247556961e-06
5.966395845434e-06
5.993779429907e-06
6.022313437897e-06
6.051912914916e-06
6.082493437898e-06
6.113971656635e-06
6.146265765461e-06
6.179295906625e-06
6.212984508495e-06
6.247256562716e-06
6.282039844147e-06
6.317265080035e-06
6.352866071457e-06
6.388779775257e-06
6.424946347009e-06
6.461309154016e-06
6.49781476118e-06
6.534412892195e-06
6.571056373467e-06
6.607701060602e-06
6.644305753274e-06
6.680832099442e-06
6.717244491637e-06
6.753509959407e-06
6.789598055393e-06
6.825480741573e-06
6.861132273753e-06
6.896529085657e-06
6.93164967559e-06
6.966474493754e-06
7.000985832349e-06
7.035167719804e-06
7.069005815965e-06
7.102487313696e-06
7.135600842764e-06
7.168336376851e-06
7.200685147271e-06
7.232639558011e-06
7.264193106511e-06
7.295340308035e-06
7.326076623147e-06
7.35639839089e-06
7.386302763833e-06
7.415787647455e-06
7.444851643658e-06
7.473493996392e-06
7.50171454169e-06
7.529513660008e-06
7.556892231523e-06
7.583851595138e-06
7.61039350835e-06
7.636520111688e-06
7.662233894732e-06
7.687537662711e-06
7.712434508611e-06
7.736927784503e-06
7.761021075417e-06
7.784718176313e-06
7.808023068322e-06
7.830939899471e-06
7.853472964118e-06
7.875626685552e-06
7.897405599594e-06
7.918814338606e-06
7.939857617808e-06
7.960540221438e-06
7.980866991611e-06
8.000842816036e-06
8.020472617817e-06
8.039761346667e-06
8.058713969363e-06
8.077335461898e-06
8.09563080197e-06
8.113604962723e-06
8.13126290568e-06
8.148609575768e-06
8.165649895834e-06
8.182388762253e-06
