6.320950876119e-06
6.31897606931e-06
6.316445237163e-06
6.313356172583e-06
6.309707679151e-06
6.305499631232e-06
6.300733034683e-06
6.295410083099e-06
6.289534212524e-06
6.283110152181e-06
6.276143971267e-06
6.268643121743e-06
6.260616474858e-06
6.252074354138e-06
6.243028561196e-06
6.233492396106e-06
6.223480671242e-06
6.213009718753e-06
6.202097391373e-06
6.19076305626e-06
6.179027582634e-06
6.166913322519e-06
6.154444084739e-06
6.141645102871e-06
6.128542997025e-06
6.115165729148e-06
6.101542552783e-06
6.087703957443e-06
6.073681607016e-06
6.059508273129e-06
6.045217763359e-06
6.030844844417e-06
6.016425160457e-06
6.001995145947e-06
5.987591934585e-06
5.973253262093e-06
5.959017365654e-06
5.944922877277e-06
5.931008712847e-06
5.917313956705e-06
5.903877741089e-06
5.890739122196e-06
5.87793695068e-06
5.865509740134e-06
5.853495531553e-06
5.841931755141e-06
5.830855091004e-06
5.820301328342e-06
5.81030522498e-06
5.800900367827e-06
5.79211903618e-06
5.783992067733e-06
5.776548729849e-06
5.76981659693e-06
5.763821435197e-06
5.758587095852e-06
5.754135418044e-06
5.750486143413e-06
5.747656841443e-06
5.745662848935e-06
5.744517221745e-06
5.744230701453e-06
5.744811695948e-06
5.746266274755e-06
5.74859817899e-06
5.751808844819e-06
5.755897442266e-06
5.760860926097e-06
5.766694099402e-06
5.773389689318e-06
5.780938433073e-06
5.789329173349e-06
5.798548962285e-06
5.808583172133e-06
5.819415611714e-06
5.831028647405e-06
5.843403327051e-06
5.856519505871e-06
5.87035597285e-06
5.884890576508e-06
5.90010034998e-06
5.915961631989e-06
5.932450186174e-06
5.94954131509e-06
5.967209970426e-06
5.985430857474e-06
6.004178533448e-06
6.0234275013e-06
6.043152295233e-06
6.063327562555e-06
6.083928136392e-06
6.104929103785e-06
6.12630586717e-06
6.148034199222e-06
6.170090292866e-06
6.192450803451e-06
6.215092888167e-06
6.237994237811e-06
6.261133105371e-06
6.284488328686e-06
6.30803935008e-06
6.331766230655e-06
6.355649662018e-06
6.379670973965e-06
6.403812139228e-06
6.428055775559e-06
6.452385144863e-06
6.47678415092e-06
6.501237333948e-06
6.525729863846e-06
6.550247532483e-06
6.574776743308e-06
6.599304501031e-06
6.623818399176e-06
6.648306607544e-06
6.672757859037e-06
6.697161434618e-06
6.721507149778e-06
6.745785338491e-06
6.769986839087e-06
6.794102977987e-06
6.8181255545e-06
6.842046825226e-06
6.865859488797e-06
6.889556670378e-06
6.91313190592e-06
6.936579127768e-06
6.959892649322e-06
6.98306715067e-06
7.00609766397e-06
7.028979559798e-06
7.05170853305e-06
7.074280589356e-06
7.096692033115e-06
7.118939453188e-06
7.141019711888e-06
7.162929932015e-06
7.184667486129e-06
7.206229984729e-06
7.227615265165e-06
7.24882138202e-06
7.269846595609e-06
7.290689363807e-06
7.311348331032e-06
7.331822319979e-06
7.352110322605e-06
7.372211492049e-06
7.392125133981e-06
7.411850698833e-06
7.431387774846e-06
7.450736080446e-06
7.469895457129e-06
7.4888658633e-06
7.507647367919e-06
7.526240143856e-06
7.544644462691e-06
7.56286068884e-06
7.580889274131e-06
7.598730753037e-06
7.616385737348e-06
7.633854911826e-06
7.651139029715e-06
7.668238908044e-06
7.685155424661e-06
7.701889512817e-06
7.71844215878e-06
7.734814397519e-06
7.751007309452e-06
7.767022017928e-06
7.782859685091e-06
7.798521509754e-06
7.814008723999e-06
7.829322591582e-06
7.844464404147e-06
7.859435479492e-06
7.874237159351e-06
7.888870807199e-06
7.903337806079e-06
7.917639556418e-06
7.931777474785e-06
7.945752991591e-06
7.959567549909e-06
7.973222603215e-06
7.986719614666e-06
8.000060055082e-06
8.013245401919e-06
8.02627713815e-06
8.039156750483e-06
8.051885728841e-06
8.064465564702e-06
8.076897750838e-06
8.089183779802e-06
8.101325142962e-06
8.113323330311e-06
8.125179828656e-06
8.136896121998e-06
8.148473689883e-06
8.159914007017e-06
8.171218543331e-06
8.182388762253e-06
