1.249029875839e-07
1.248514264221e-07
1.247939826377e-07
1.247308443522e-07
1.246622121577e-07
1.245882965851e-07
1.245093204475e-07
1.24425517822e-07
1.243371338698e-07
1.242444276217e-07
1.241476674352e-07
1.240471336184e-07
1.23943121257e-07
1.238359323712e-07
1.23725885737e-07
1.236133078298e-07
1.234985395869e-07
1.233819317219e-07
1.232638459767e-07
1.231446570106e-07
1.23024749135e-07
1.22904518156e-07
1.227843694488e-07
1.226647198315e-07
1.225459954459e-07
1.224286310584e-07
1.223130712658e-07
1.22199770249e-07
1.220891888045e-07
1.219817958239e-07
1.218780678497e-07
1.217784872765e-07
1.216835418185e-07
1.2159372413e-07
1.215095318957e-07
1.214314652609e-07
1.213600271256e-07
1.212957204473e-07
1.212390506076e-07
1.211905196945e-07
1.21150630229e-07
1.211198790576e-07
1.210987613916e-07
1.210877636259e-07
1.21087367285e-07
1.210980434346e-07
1.211202545793e-07
1.211544504327e-07
1.212010673243e-07
1.212605282151e-07
1.213332373995e-07
1.214195825255e-07
1.215199310934e-07
1.21634630023e-07
1.217640017073e-07
1.219083456201e-07
1.220679334936e-07
1.222430102487e-07
1.224337926456e-07
1.226404643836e-07
1.228631801891e-07
1.231020599411e-07
1.233571901706e-07
1.236286216345e-07
1.239163692347e-07
1.242204129136e-07
1.245406918909e-07
1.248771110371e-07
1.252295348552e-07
1.255977913204e-07
1.259816691595e-07
1.263809198251e-07
1.267952577051e-07
1.272243594456e-07
1.276678658633e-07
1.281253834375e-07
1.285964831535e-07
1.290807040052e-07
1.295775529426e-07
1.300865079904e-07
1.306070173505e-07
1.311385033091e-07
1.316803634266e-07
1.322319721055e-07
1.327926847226e-07
1.333618347174e-07
1.339387420892e-07
1.34522710193e-07
1.351130327628e-07
1.357089903103e-07
1.363098585882e-07
1.369149065017e-07
1.375233996164e-07
1.38134602935e-07
1.387477798184e-07
1.393622013669e-07
1.399771372137e-07
1.405918694625e-07
1.412056842639e-07
1.418178810683e-07
1.424277682316e-07
1.430346704901e-07
1.436379240274e-07
1.442368835965e-07
1.448309192798e-07
1.454194207672e-07
1.460017971059e-07
1.465774766831e-07
1.471459090385e-07
1.477065667474e-07
1.482589432854e-07
1.488025555286e-07
1.493369436677e-07
1.498616724049e-07
1.503763292925e-07
1.508805256286e-07
1.513738984882e-07
1.518561065739e-07
1.523268374147e-07
1.527857965022e-07
1.532327180826e-07
1.536673575425e-07
1.540894947776e-07
1.544989312615e-07
1.548954920641e-07
1.552790249027e-07
1.556493971083e-07
1.560064994985e-07
1.563502406892e-07
1.566805526219e-07
1.569973840099e-07
1.573007040192e-07
1.575904972665e-07
1.578667693123e-07
1.581295399097e-07
1.583788448821e-07
1.586147379591e-07
1.588372850906e-07
1.590465666347e-07
1.592426769164e-07
1.594257211962e-07
1.59595820236e-07
1.597531005821e-07
1.598977049404e-07
1.600297814362e-07
1.601494909605e-07
1.602569987432e-07
1.603524825801e-07
1.604361246046e-07
1.605081138655e-07
1.605686469359e-07
1.606179237294e-07
1.606561521237e-07
1.606835413996e-07
1.60700307495e-07
1.607066680852e-07
1.607028436506e-07
1.606890579518e-07
1.606655380385e-07
1.606325094758e-07
1.605902037907e-07
1.605388473628e-07
1.604786727985e-07
1.604099091164e-07
1.603327873506e-07
1.602475360281e-07
1.601543863835e-07
1.600535652989e-07
1.599453001251e-07
1.598298153418e-07
1.597073355926e-07
1.595780846336e-07
1.594422773541e-07
1.593001362918e-07
1.591518724496e-07
1.589977023964e-07
1.588378324973e-07
1.586724718538e-07
1.585018222266e-07
1.58326085795e-07
1.581454607258e-07
1.579601409763e-07
1.577703171612e-07
1.575761782048e-07
1.573779075717e-07
1.57175687113e-07
1.569696931473e-07
1.567600999568e-07
1.56547077408e-07
1.563307943791e-07
1.561114109831e-07
1.558890890217e-07
1.556639830566e-07
1.554362451162e-07
1.55206026532e-07
1.549734685823e-07
1.547387170865e-07
1.545019071881e-07
1.542631757348e-07
1.540226512623e-07
