4.643691703324e-08
4.836528622655e-08
5.037763107678e-08
5.247633362914e-08
5.466356321262e-08
5.694121689538e-08
5.93108363409e-08
6.177351518097e-08
6.432979588201e-08
6.697953127673e-08
6.972174531306e-08
7.255444227611e-08
7.547440881986e-08
7.847697394748e-08
8.155573049831e-08
8.47022321054e-08
8.790564170896e-08
9.11523636216e-08
9.442564061934e-08
9.77051590271e-08
1.009666605851e-07
1.041816302479e-07
1.073170785168e-07
1.103355282626e-07
1.131952676618e-07
1.158510156317e-07
1.182551057123e-07
1.203593538487e-07
1.221177356869e-07
1.234899683291e-07
1.244460176768e-07
1.249714316491e-07
1.25073219917e-07
1.247858561742e-07
1.241765547292e-07
1.233493045825e-07
1.224462262405e-07
1.216450785345e-07
1.211508874374e-07
1.211792122556e-07
1.219291917667e-07
1.235476934693e-07
1.260918554385e-07
1.295030465329e-07
1.336051808069e-07
1.381316371695e-07
1.427722495869e-07
1.472241522371e-07
1.512321904795e-07
1.546121739086e-07
1.572572706923e-07
1.591316751374e-07
1.602567534172e-07
1.606943763514e-07
1.605308846396e-07
1.598636965114e-07
1.587913082335e-07
1.574066165667e-07
1.557930233193e-07
1.540226512623e-07
