0.01916365571025
0.02360167507627
0.02791776206295
0.03210689953878
0.03616448811156
0.04008645530575
0.04386936084189
0.04751049257809
0.05100794760736
0.05436069345468
0.0575686052983
0.06063247658471
0.063554002168
0.06633573497926
0.06898101899247
0.07149390269501
0.07387903824488
0.07614157193281
0.0782870314813
0.08032121518509
0.08225008705807
0.08407968114037
0.08581601707057
0.08746502804707
0.08903250146127
0.09052403182026
0.09194498509698
0.09330047333793
0.09459533819753
0.0958341420229
0.09702116515254
0.09816040818835
0.09925559812991
0.1003101974045
0.1013274149732
0.1023102188327
0.1032613493619
0.1041833330739
0.105078496434
0.1059489794833
0.1067967490796
0.1076236116201
0.1084312251545
0.1092211108353
0.1099946636746
0.110753162601
0.1114977798228
0.1122295895177
0.1129495758733
0.1136586405106
0.1143576093254
0.115047238782
0.1157282216976
0.1164011925516
0.1170667323557
0.1177253731181
0.118377601934
0.1190238647319
0.1196645697035
0.1203000904455
0.1209307688341
0.1215569176581
0.1221788230289
0.1227967465879
0.1234109275276
0.124021584443
0.1246289170286
0.1252331076327
0.1258343226827
0.1264327139919
0.1270284199584
0.1276215666644
0.1282122688859
0.128800631019
0.1293867479312
0.1299707057424
0.1305525825436
0.1311324490569
0.1317103692424
0.1322864008561
0.1328605959638
0.1334330014129
0.1340036592675
0.1345726072086
0.1351398789023
0.1357055043391
0.1362695101466
0.1368319198774
0.137392754274
0.1379520315131
0.1385097674311
0.1390659757316
0.139620668176
0.1401738547605
0.1407255438779
0.1412757424675
0.1418244561532
0.1423716893702
0.142917445482
0.1434617268886
0.1440045351257
0.144545870956
0.1450857344531
0.1456241250797
0.1461610417579
0.1466964829356
0.1472304466459
0.1477629305629
0.1482939320522
0.1488234482177
0.1493514759441
0.1498780119359
0.1504030527534
0.1509265948456
0.1514486345796
0.1519691682682
0.1524881921946
0.1530057026351
0.1535216958795
0.15403616825
0.1545491161174
0.155060535917
0.1555704241618
0.1560787774549
0.1565855925006
0.157090866114
0.1575945952296
0.1580967769095
0.1585974083493
0.1590964868847
0.1595940099962
0.1600899753133
0.1605843806185
0.16107722385
0.1615685031046
0.162058216639
0.1625463628718
0.1630329403841
0.1635179479205
0.164001384389
0.1644832488611
0.1649635405712
0.1654422589161
0.1659194034541
0.1663949739034
0.1668689701413
0.1673413922021
0.1678122402758
0.1682815147059
0.1687492159874
0.1692153447649
0.1696799018301
0.1701428881193
0.1706043047114
0.1710641528252
0.1715224338166
0.1719791491763
0.172434300527
0.1728878896207
0.1733399183361
0.1737903886756
0.1742393027627
0.1746866628394
0.175132471263
0.1755767305039
0.176019443142
0.176460611865
0.1769002394647
0.1773383288348
0.1777748829681
0.1782099049537
0.1786433979744
0.1790753653041
0.179505810305
0.1799347364255
0.1803621471968
0.1807880462315
0.1812124372199
0.1816353239287
0.1820567101977
0.1824765999379
0.1828949971292
0.1833119058176
0.1837273301137
0.1841412741898
0.1845537422781
0.1849647386683
0.1853742677059
0.1857823337898
0.1861889413703
0.1865940949473
0.1869977990681
0.1874000583258
0.1878008773573
0.1882002608414
0.1885982134971
0.1889947400819
0.1893898453898
0.1897835342503
0.1901758115258
