0.0005315676827135
0.0005307105374554
0.00052984715164
0.0005289825755954
0.0005281208249871
0.000527265072447
0.000526417804134
0.0005255809475264
0.0005247559756959
0.0005239439924017
0.0005231458015596
0.0005223619639887
0.0005215928437971
0.0005208386463258
0.0005200994492077
0.0005193752278055
0.0005186658760563
0.0005179712235561
0.0005172910495636
0.000516625094476
0.0005159730692275
0.0005153346629803
0.0005147095494079
0.0005140973918199
0.0005134978473291
0.0005129105702301
0.0005123352147247
0.0005117714371091
0.0005112188975149
0.0005106772612829
0.0005101462000332
0.0005096253924835
0.0005091145250622
0.0005086132923503
0.0005081213973848
0.0005076385518467
0.0005071644761567
0.0005066988994944
0.0005062415597576
0.0005057922034711
0.0005053505856574
0.0005049164696773
0.0005044896270456
0.0005040698372306
0.0005036568874394
0.0005032505723946
0.000502850694105
0.0005024570616336
0.0005020694908637
0.0005016878042667
0.0005013118306715
0.0005009414050374
0.0005005763682313
0.0005002165668097
0.0004998618528061
0.0004995120835244
0.0004991671213382
0.0004988268334968
0.0004984910919369
0.0004981597731015
0.0004978327577647
0.0004975099308634
0.0004971911813344
0.0004968764019588
0.0004965654892116
0.0004962583431174
0.0004959548671122
0.0004956549679102
0.0004953585553764
0.0004950655424041
0.0004947758447977
0.0004944893811599
0.0004942060727843
0.0004939258435515
0.0004936486198305
0.0004933743303831
0.0004931029062735
0.0004928342807807
0.000492568389315
0.0004923051693379
0.0004920445602852
0.0004917865034936
0.00049153094213
0.0004912778211239
0.0004910270871026
0.0004907786883291
0.0004905325746423
0.0004902886974001
0.0004900470094244
0.0004898074649484
0.0004895700195666
0.0004893346301856
0.0004891012549786
0.0004888698533401
0.0004886403858432
0.0004884128141989
0.0004881871012159
0.0004879632107635
0.0004877411077346
0.000487520758011
0.0004873021284297
0.0004870851867505
0.000486869901625
0.0004866562425669
0.000486444179923
0.0004862336848457
0.0004860247292666
0.0004858172858707
0.0004856113280718
0.000485406829989
0.0004852037664239
0.0004850021128385
0.0004848018453341
0.0004846029406311
0.0004844053760493
0.000484209129489
0.0004840141794128
0.0004838205048282
0.0004836280852702
0.0004834369007859
0.0004832469319179
0.0004830581596895
0.0004828705655902
0.0004826841315612
0.0004824988399825
0.0004823146736587
0.0004821316158073
0.000481949650046
0.0004817687603809
0.000481588931195
0.0004814101472374
0.0004812323936126
0.0004810556557699
0.0004808799194939
0.0004807051708947
0.0004805313963982
0.0004803585827379
0.0004801867169456
0.0004800157863432
0.0004798457785346
0.0004796766813976
0.0004795084830767
0.0004793411719754
0.0004791747367494
0.0004790091662991
0.0004788444497636
0.0004786805765139
0.0004785175361466
0.000478355318478
0.0004781939135381
0.0004780333115649
0.0004778735029991
0.0004777144784784
0.0004775562288325
0.0004773987450783
0.0004772420184146
0.0004770860402177
0.0004769308020368
0.0004767762955893
0.0004766225127568
0.0004764694455808
0.0004763170862586
0.0004761654271394
0.0004760144607206
0.0004758641796439
0.0004757145766918
0.0004755656447843
0.0004754173769751
0.0004752697664486
0.0004751228065167
0.0004749764906155
0.0004748308123025
0.0004746857652537
0.0004745413432604
0.0004743975402268
0.0004742543501673
0.0004741117672035
0.0004739697855623
0.0004738283995726
0.0004736876036639
0.0004735473923629
0.0004734077602922
0.0004732687021674
0.0004731302127952
0.0004729922870715
0.000472854919979
0.0004727181065854
0.0004725818420416
0.0004724461215797
0.000472310940511
0.0004721762942246
0.0004720421781854
0.0004719085879325
0.0004717755190776
0.0004716429673032
0.0004715109283614
0.0004713793980721
0.0004712483723216
0.0004711178470613
0.0004709878183061
