-0.3886319698114
-0.3761926144727
-0.3636403789183
-0.3509763538452
-0.3382018412267
-0.3253183608071
-0.3123276563227
-0.2992317014152
-0.286032705206
-0.2727331175007
-0.2593356335892
-0.24584319861
-0.2322590114467
-0.2185865281217
-0.2048294646551
-0.1909917993549
-0.1770777745018
-0.1630918973943
-0.1490389407164
-0.1349239421879
-0.1207522034582
-0.1065292881978
-0.09226101934429
-0.07861204618331
-0.06654959246893
-0.0558085878699
-0.04617783696238
-0.03749978883531
-0.0296547970894
-0.02255062675251
-0.01611522945495
-0.01029161858464
-0.005034129173008
-0.0003056111605
0.003924735662334
0.007683076557809
0.01099233285068
0.0138733311439
0.01634576185957
0.01842897594434
0.02014263259426
0.02150720003253
0.02254430531026
0.02327692768227
0.0237294331309
0.02392745446489
0.02389763092258
0.02366723162277
0.02326369648931
0.02271413450493
0.02204482098236
0.02128073255592
0.02044515137743
0.01955935993828
0.01864243682284
0.01771115325996
0.01677996188336
0.01586106333753
0.01496453337266
0.01409849250497
0.01326930156756
0.012481768864
0.01173935755167
0.01104438485489
0.01039820742601
0.009801389467473
0.009253852039207
0.00875500331815
0.008303850506371
0.007899094675301
0.007539210163206
0.007222510280908
0.006947201085844
0.006711424903423
0.006513295142593
0.006350923794828
0.006222442839926
0.00612602061945
0.006059874086252
0.00602227769998
0.006011569615457
0.006026155703368
0.006064511850118
0.006125184904916
0.006206792575466
0.006308022517874
0.006427630819778
0.006564440037194
0.006717336913737
0.006885269884736
0.007067246447387
0.007262330460644
0.007469639424394
0.007688341775979
0.007917654232896
0.008156839203065
0.008405202278138
0.008662089820563
0.008926886651418
0.009199013843054
0.009477926618344
0.009763112356517
0.01005408870427
0.01035040178981
0.01065162453675
0.01095735507426
0.01126721523961
0.01158084916887
0.01189792197147
0.01221811848457
0.01254114210265
0.01286671367845
0.01319457049099
0.0135244652769
0.0138561653212
0.01418945160401
0.01452411799969
0.01485997052527
0.01519682663495
0.01553451455796
0.01587287267689
0.01621174894396
0.0165510003329
0.01689049232406
0.01723009842066
0.01756969969431
0.01790918435769
0.01824844736293
0.01858739002385
0.01892591966067
0.01926394926567
0.01960139718854
0.01993818684019
0.02027424641377
0.02060950862194
0.02094391044924
0.02127739291882
0.02160990087237
0.02194138276268
0.02227179045796
0.02260107905712
0.02292920671551
0.02325613448034
0.02358182613527
0.02390624805363
0.02422936905967
0.02455116029748
0.02487159510701
0.02519064890689
0.02550829908354
0.02582452488627
0.02613930732803
0.02645262909142
0.02676447443972
0.02707482913266
0.02738368034656
0.02769101659877
0.02799682767594
0.02830110456615
0.02860383939449
0.02890502536201
0.02920465668776
0.02950272855393
0.02979923705366
0.03009417914159
0.03038755258695
0.03067935592895
0.0309695884345
0.03125825005803
0.03154534140333
0.03183086368731
0.0321148187056
0.03239720879979
0.03267803682642
0.0329573061274
0.03323502050196
0.03351118417998
0.03378580179662
0.03405887836822
0.03433041926938
0.03460043021119
0.03486891722048
0.03513588662011
0.03540134501031
0.03566529925076
0.03592775644374
0.03618872391795
0.03644820921323
0.03670622006598
0.03696276439526
0.03721785028966
0.03747148599475
0.03772367990115
0.03797444053321
0.0382237765382
0.03847169667612
0.03871820980989
0.03896332489615
0.03920705097642
0.03944939716874
