-2.536443779462
-2.497546826623
-2.459320807683
-2.421733014578
-2.384747203071
-2.348323202879
-2.312417815329
-2.276986551863
-2.241985599583
-2.207373425331
-2.173111692906
-2.139165501173
-2.105503158924
-2.072095745725
-2.038916638625
-2.005941097078
-1.973145935046
-1.940509275781
-1.908010372315
-1.875629475271
-1.843347732565
-1.811147109628
-1.779010322387
-1.746920778126
-1.714862521505
-1.682820184546
-1.650778940496
-1.618724462334
-1.586642887188
-1.554520788423
-1.522345157353
-1.490103396673
-1.457783327708
-1.425373213347
-1.392861798223
-1.36023836717
-1.327492822278
-1.294615778035
-1.261598673045
-1.228433895741
-1.195114920435
-1.161636448995
-1.127994552497
-1.094186806385
-1.060212411909
-1.026072295893
-0.9917691798937
-0.9573076083964
-0.922693923487
-0.8879361700397
-0.8530439106798
-0.8180289575209
-0.7829039257885
-0.7476806582648
-0.7123703543141
-0.6769824449455
-0.6415232311026
-0.605994478382
-0.5703925406796
-0.5347093807057
-0.4989383475993
-0.4630899356012
-0.4272253046027
-0.3915146454437
-0.3563143245336
-0.3217362204215
-0.2873225100624
-0.252931844295
-0.2184187216919
-0.1834645799873
-0.1479695994042
-0.1139975650914
-0.08398556314547
-0.05917105965836
-0.04132161257977
-0.02800375911053
-0.01779180073183
-0.01034508088831
-0.005386564608692
-0.002042759478216
-0.0002686707218048
2.456197148412e-10
-0.001120275010545
-0.007419216436646
-0.01633433976831
-0.02563462311477
-0.0342172964935
-0.04133229402434
-0.04672803683381
-0.0503790782212
-0.05206698126438
-0.05226893794683
-0.05164734634092
-0.05070867037135
-0.04970469836306
-0.04871729882672
-0.04764981811692
-0.04650678460032
-0.04532618886875
-0.04413817761147
-0.04296329308165
-0.04181458762991
-0.04069971368019
-0.0396227935369
-0.03858962440697
-0.03760022647438
-0.03665156614894
-0.03574003614258
-0.03486181635612
-0.03401312686574
-0.03319039547816
-0.032390359555
-0.03161011167979
-0.03084707910936
-0.03009756789032
-0.02935607657398
-0.02862124401983
-0.02789222480188
-0.02716845466333
-0.02644963006317
-0.02573567786408
-0.02503271343772
-0.02435525429434
-0.02370399075738
-0.02307587173321
-0.0224573519494
-0.02184483027794
-0.02123692583314
-0.0206323558762
-0.02003000545529
-0.01942901521342
-0.01882884657803
-0.01822930237068
-0.0176305030767
-0.01703283405987
-0.01643688206435
-0.0158433744135
-0.01525312759517
-0.01466700692024
-0.01408589628503
-0.01351067611201
-0.01294220749426
-0.01238132088645
-0.01182880808065
-0.01128541655923
-0.01075184559256
-0.01022874602176
-0.009717685243179
-0.009220841924757
-0.008740808357064
-0.008280503118278
-0.007841340139079
-0.007422937729912
-0.007023985043904
-0.006642719946261
-0.006273901584116
-0.005915698661542
-0.005570330518075
-0.005238156390155
-0.004918374121696
-0.004610193191306
-0.004312890133379
-0.004025822675193
-0.00374842908539
-0.003480222005378
-0.0032207805697
-0.002969742469025
-0.002726613297603
-0.002491023590263
-0.002262874288962
-0.002042080154812
-0.001828572420612
-0.001622303356633
-0.001423253549152
-0.001231443393549
-0.001046951431251
-0.0008699443640609
-0.000700728193375
-0.00053984058173
-0.0003882330267903
-0.0002476878182577
-0.0001237341740167
-3.935345151699e-05
-9.543887494137e-07
4.316484439202e-10
6.500218915319e-10
7.109846245982e-10
6.692628095477e-10
5.413462137602e-10
3.242590616804e-10
-2.525546920226e-08
-1.43468382181e-06
-3.293190669391e-06
-5.835617640366e-06
-9.866263920466e-06
-1.608670560579e-05
-2.342026526216e-05
-3.106699412302e-05
-3.877567725754e-05
-4.640662878668e-05
