-7.429088402569e-32
0.003928587276509
0.007680830753866
0.01125246655545
0.01464046467884
0.0178432028316
0.02086059412494
0.02369415544019
0.02634700789017
0.02882380704879
0.03113060753387
0.03327467289915
0.0352642465189
0.03710830152508
0.03881628772513
0.0403978911581
0.04186281825818
0.04322061232143
0.04448050584833
0.04565130887127
0.04674133082382
0.04775833189879
0.04870949905889
0.04960144171801
0.05044020239974
0.05123127822273
0.05197964971913
0.05268981416428
0.05336582122197
0.05401130925838
0.05462954113612
0.05522343866988
0.05579561521379
0.0563484060697
0.05688389656766
0.05740394778522
0.05791021995249
0.05840419364239
0.05888718887818
0.05936038230784
0.05982482260223
0.06028144423388
0.06073107978844
0.06117447095273
0.06161227831394
0.06204509009395
0.06247342993179
0.06289776381705
0.06331850626681
0.06373602582925
0.06415064998823
0.06456266953554
0.06497234246968
0.06537989747398
0.06578553702078
0.06618944014305
0.06659176491037
0.06699265064182
0.06739221988473
0.06779058018494
0.06818782567127
0.06858403847446
0.06897928999837
0.06937364205935
0.0697671479079
0.07015985314519
0.07055179654545
0.07094301079428
0.07133352315155
0.07172335604691
0.07211252761475
0.07250105217494
0.07288894066491
0.073276201028
0.07366283856255
0.07404885623575
0.07443425496572
0.07481903387503
0.07520319051861
0.0755867210884
0.07596962059727
0.0763518830441
0.07673350156198
0.07711446855105
0.07749477579769
0.0778744145812
0.07825337576929
0.07863164990348
0.07900922727529
0.07938609799429
0.0797622520486
0.08013767935869
0.08051236982519
0.08088631337106
0.08125949997897
0.0816319197241
0.08200356280295
0.08237441955851
0.08274448050217
0.08311373633256
0.08348217795192
0.08384979647985
0.08421658326508
0.08458252989515
0.08494762820447
0.08531187028069
0.08567524846974
0.08603775537963
0.086399383883
0.0867601271188
0.08711997849299
0.08747893167848
0.08783698061432
0.08819411950428
0.08855034281493
0.0889056452731
0.08926002186306
0.08961346782322
0.08996597864256
0.09031755005677
0.09066817804411
0.09101785882116
0.09136658883827
0.09171436477503
0.09206118353544
0.09240704224318
0.09275193823666
0.09309586906412
0.09343883247862
0.0937808264331
0.09412184907538
0.09446189874316
0.0948009739591
0.09513907342587
0.09547619602128
0.09581234079347
0.09614750695606
0.09648169388349
0.09681490110635
0.09714712830676
0.09747837531391
0.09780864209955
0.0981379287737
0.09846623558033
0.09879356289315
0.09911991121153
0.09944528115647
0.09976967346662
0.1000930889944
0.1004155287024
0.1007369936595
0.1010574850372
0.1013770041064
0.1016955522338
0.1020131308784
0.1023297415887
0.1026453859988
0.1029600658261
0.1032737828677
0.1035865389976
0.1038983361641
0.1042091763865
0.1045190617529
0.1048279944174
0.1051359765973
0.1054430105708
0.1057490986747
0.1060542433018
0.1063584468987
0.1066617119636
0.1069640410442
0.1072654367353
0.1075659016773
0.1078654385536
0.1081640500891
0.1084617390481
0.1087585082329
0.1090543604814
0.1093492986658
0.1096433256911
0.109936444493
0.1102286580367
0.1105199693155
0.1108103813489
0.1110998971815
0.1113885198816
0.11167625254
0.1119630982681
0.1122490601975
0.1125341414782
0.1128183452776
0.1131016747795
0.1133841331827
0.1136657237002
0.1139464495581
0.1142263139946
0.1145053202589
0.1147834716104
0.1150607713179
0.1153372226586
0.1156128289171
0.1158875933849
0.1161615193593
0.1164346101429
0.1167068690428
0.1169782993697
0.1172489044375
0.1175186875623
0.117787652062
0.1180558012556
0.1183231384628
0.118589667003
0.118855390195
0.1191203113566
0.1193844338037
0.1196477608502
0.1199102958071
0.1201720419825
0.1204330026807
0.1206931812022
0.1209525808428
0.1212112048936
0.1214690566405
0.1217261393636
0.1219824563372
0.1222380108293
0.1224928061011
0.122746845407
0.1230001319938
0.1232526691012
0.1235044599607
0.1237555077958
0.1240058158215
0.1242553872443
0.1245042252616
0.124752333062
0.1249997138245
0.1252463707186
0.1254923069041
0.1257375255309
0.1259820297386
0.1262258226567
0.1264689074041
0.126711287089
0.126952964809
0.1271939436506
0.1274342266892
0.1276738169892
0.1279127176035
0.1281509315735
0.1283884619292
0.1286253116888
0.1288614838588
0.1290969814337
0.1293318073962
0.1295659647168
0.1297994563541
0.1300322852542
0.1302644543512
0.1304959665668
0.1307268248101
0.1309570319781
0.131186590955
0.1314155046126
0.1316437758101
0.1318714073939
0.1320984021981
0.1323247630437
0.1325504927391
0.1327755940801
0.1330000698495
0.1332239228175
0.1334471557413
0.1336697713654
0.1338917724214
0.134113161628
0.1343339416912
0.1345541153041
0.1347736851467
0.1349926538865
0.135211024178
0.1354287986628
0.1356459799697
0.1358625707147
0.136078573501
0.136293990919
0.1365088255463
0.1367230799477
0.1369367566754
0.1371498582686
0.1373623872541
0.1375743461458
0.1377857374452
0.137996563641
0.1382068272093
0.1384165306137
0.1386256763053
0.1388342667226
0.1390423042918
0.1392497914265
