-6.593862292804e-05
-5.944937250244e-05
-5.260990885815e-05
-4.541001895585e-05
-3.782898600262e-05
-2.986420360735e-05
-2.155822456538e-05
-1.314628829992e-05
-6.489997246779e-06
-3.099104100141e-06
-6.567576240642e-07
9.327363706853e-12
1.629883279033e-11
1.703113286557e-11
1.529094239875e-11
1.182049496711e-11
6.361682166142e-12
-8.711931607814e-09
-5.579561704729e-08
-2.168420807771e-07
-6.40768926692e-07
-1.199052435817e-06
-2.007261164578e-06
-3.217245628588e-06
-4.528907596581e-06
-5.780756585354e-06
-6.862505650352e-06
-7.679108162364e-06
-8.153640108614e-06
-8.255110279017e-06
-8.020806758685e-06
-7.534556038841e-06
-6.88402800896e-06
-6.136554440182e-06
-5.340136432679e-06
-4.526142597375e-06
-3.713681790334e-06
-2.914344349149e-06
-2.138227548902e-06
-1.408495085815e-06
-7.859051934054e-07
-3.898689329141e-07
-7.873886504966e-08
5.74107762615e-12
1.2229460985e-11
1.619574053233e-11
1.862931125213e-11
2.005996936165e-11
2.080826795606e-11
2.107920640443e-11
2.1008808841e-11
2.068971253227e-11
2.018615657351e-11
1.954327621154e-11
1.879303010501e-11
1.795809095829e-11
1.705450583031e-11
1.609344842351e-11
1.508259016227e-11
1.402685555538e-11
