-2.47208634581
-2.193450203105
-1.918078499907
-1.648825828885
-1.392037801492
-1.150420910536
-0.9464041695445
-0.7796800919258
-0.6455876728464
-0.5378087171212
-0.4509179701049
-0.3816072091096
-0.3257366344328
-0.2801525689735
-0.2425943466833
-0.2112998906763
-0.185036085175
-0.1628446756631
-0.143964085714
-0.127787542825
-0.1138303907666
-0.1017043918509
-0.09109749927884
-0.08175796085402
-0.07348185649869
-0.06610334748033
-0.05948705588773
-0.05352210988638
-0.04811748762242
-0.04319837231946
-0.03870329473463
-0.03458188783193
-0.0307931112091
-0.02730380876419
-0.02408737713494
-0.02112165512519
-0.01838171523549
-0.01583450292556
-0.01345847483952
-0.01124574103178
-0.009196717579878
-0.007472091182633
-0.00691484153243
-0.006635273464504
-0.006434426482796
-0.006259778007992
-0.006091511758782
-0.005920660099482
-0.005740966660257
-0.005547723956125
-0.005337171614782
-0.005106205854729
-0.004852270809633
-0.00457336959093
-0.004268164428576
-0.003936144786848
-0.003577835386953
-0.003194994698567
-0.00279072572461
-0.002369414409886
-0.001937052576522
-0.00150028774677
-0.001066623659546
-0.0006480096961425
-0.0002726063265137
7.012756370614e-09
8.389008415683e-08
1.319982476642e-07
1.69244816828e-07
2.009023935199e-07
2.293020447888e-07
2.557145163775e-07
2.809239448892e-07
3.054559170257e-07
3.296844312815e-07
3.538878376415e-07
3.782803009188e-07
4.030303121949e-07
4.282717728606e-07
4.541104992212e-07
4.806276943137e-07
5.078812552701e-07
5.359054109786e-07
5.647089709587e-07
5.94272342507e-07
6.2454340609e-07
6.554323125098e-07
6.868052752399e-07
7.184774780958e-07
7.502053084732e-07
7.81678268303e-07
8.125111186912e-07
8.422370898185e-07
8.703033405424e-07
8.96070281157e-07
9.188168651817e-07
9.377544853624e-07
9.520526315389e-07
9.60879916998e-07
9.634643408284e-07
9.591764907253e-07
9.47638296609e-07
9.288569500821e-07
9.033773383535e-07
8.724358902243e-07
8.380856810365e-07
8.032526928307e-07
7.716835840237e-07
7.477572623263e-07
7.36145873941e-07
7.41312878524e-07
7.668291050836e-07
8.14500265694e-07
8.833838875117e-07
9.689842020879e-07
1.063204724906e-06
1.155676381822e-06
1.236375323807e-06
1.298284788039e-06
1.338609376238e-06
1.358214880296e-06
1.360156153373e-06
1.348270831428e-06
1.326274929653e-06
1.297342830635e-06
1.263997829607e-06
1.228156208133e-06
1.191227603715e-06
1.154223012746e-06
1.117850495972e-06
1.082592965642e-06
1.048768590352e-06
1.016576491006e-06
9.861307653226e-07
9.57485562864e-07
9.306534289847e-07
9.056186416133e-07
8.823468467364e-07
8.607919675821e-07
8.409011099057e-07
8.226179963255e-07
8.058853226529e-07
7.90646325548e-07
7.76845775197e-07
7.644305510174e-07
7.533499174881e-07
7.435555874162e-07
7.350016378811e-07
7.276443277237e-07
7.214418537846e-07
7.163540737385e-07
7.123422169577e-07
7.093685995676e-07
7.073963557627e-07
7.063891943981e-07
7.063111872349e-07
7.071265929093e-07
7.087997189473e-07
7.112948225552e-07
7.145760493269e-07
7.186074081351e-07
7.233527792556e-07
7.287759521041e-07
7.34840688416e-07
7.415108062804e-07
7.48750280386e-07
7.565233536962e-07
7.647946560866e-07
7.735293256879e-07
7.826931292164e-07
7.922525779289e-07
8.02175036364e-07
8.124288218609e-07
8.229832929253e-07
8.338089255338e-07
8.448773766093e-07
8.56161534427e-07
8.676355560881e-07
8.792748925918e-07
8.910563020511e-07
9.029578520006e-07
9.149589118133e-07
9.27040136193e-07
9.39183440939e-07
9.513719721009e-07
9.635900694604e-07
9.75823225553e-07
9.880580410822e-07
1.000282177659e-06
1.012484308612e-06
1.024654068652e-06
1.036782003014e-06
1.048859516509e-06
1.060878823197e-06
1.072832896784e-06
1.084715422278e-06
1.096520749066e-06
1.108243845622e-06
1.119880256086e-06
1.13142605864e-06
