-0.06505568375754
-0.05426196019445
-0.04504593628802
-0.03713425095275
-0.03051732708612
-0.02511908215915
-0.02054050612241
-0.01662225471954
-0.01325970029762
-0.01036462522434
-0.007871618409392
-0.005738782467081
-0.003951629551953
-0.002601336692519
-0.001598874950617
-0.0008166059970157
-0.0003229948037544
3.17172045811e-05
6.375641826816e-06
-0.0002220095371277
-0.0005224430962418
-0.0008748359277111
-0.001272009363624
-0.001709038611815
-0.002182418749145
-0.002689690135836
-0.003229084939251
-0.003799250468247
-0.004399061524348
-0.005027503524568
