-0.1189750587547
-0.112018882029
-0.1050535009221
-0.09807916336299
-0.09109633774807
-0.08410579681303
-0.077108742095
-0.07010699286946
-0.06310328553185
-0.05610176452014
-0.04910882835707
-0.04213466974135
-0.03519626940132
-0.02832369107564
-0.02157457665265
-0.01507082899755
-0.009095333670117
-0.004275282785931
-0.001383558798912
-0.0004288644354545
-2.11950968397e-05
8.419094873887e-05
5.213241962288e-06
-0.0001732081828119
-0.0004075762225293
-0.0006906096681822
-0.001023341231645
-0.001407958818784
-0.001845107385211
-0.002332635391956
