-3.129625421639e-08
-3.87716793196e-08
-3.899826610331e-08
-3.026247909126e-08
-3.903584371916e-08
-2.446486432978e-08
-3.185238552816e-08
-2.674201896335e-08
-2.586974164354e-08
-3.567882562756e-08
-3.201093109099e-08
-2.533801723819e-08
-2.043254229897e-08
-1.540346832488e-08
-2.272174013013e-08
-1.999583923404e-08
-2.887461533396e-08
-1.969402514697e-08
-1.817663421685e-08
-1.580218276869e-08
-1.396977395131e-08
-1.531114652436e-08
-6.597339535682e-09
-1.064993274752e-08
-8.175980193345e-09
-6.228655149029e-09
-5.420061151792e-09
-4.738606723665e-09
-3.522659325664e-09
-3.41013805935e-09
-1.751458736692e-09
9.712159578031e-13
-3.052767599161e-08
-3.991112376791e-08
-1.761061780903e-08
-1.346108242529e-08
-9.166593490107e-09
-1.075403141258e-08
-6.925370818521e-09
-6.792888890228e-09
-6.408935054411e-09
-6.530415454184e-09
-7.074292725959e-09
-5.196362637155e-09
-6.316368565071e-09
-7.967586973719e-09
-6.768055745096e-09
-9.843129018197e-09
-7.418299664564e-09
-1.381920934383e-08
-1.627510056816e-08
-1.62270602978e-08
-1.515509237272e-08
-1.682045966994e-08
-1.846070967191e-08
-1.923460177602e-08
-1.41138965945e-08
-1.826677182155e-08
-1.594220516407e-08
-2.358365410293e-08
