-0.7448128497649
-0.5920095160187
-0.464621478713
-0.3339563470437
-0.1950761018308
-0.07430723672691
0.002518165791274
0.0106552849257
0.01091175045599
0.007414642251802
0.003625356875275
0.001183694660676
0.0001372523580488
6.587219422496e-05
0.0005969499253866
0.001481142885504
0.00256282531245
0.003746246192898
0.004972456199015
0.006205115600647
0.007421933542062
0.008609469947821
0.009759930366306
0.01086915457184
0.01193533253317
0.01295817201522
0.01393835187999
0.01487715929956
0.01577624724678
0.0166374717568
0.01746278273663
0.01825415108425
0.0190135206255
0.01974277711244
0.02044372899013
0.02111809628576
0.02176750508836
0.0223934858496
0.0229974742635
0.02358081384979
0.02414475962408
0.02469048242017
0.02521907355977
0.02573154965744
0.02622885741471
0.02671187830509
0.0271814330856
0.02763828609479
0.02808314931466
0.02851668618616
0.02893951517633
0.02935221310128
0.02975531821295
0.03014933306014
0.03053472713597
0.0309119393243
0.0312813801585
0.03164343390517
0.03199846048567
0.03234679724735
