-7.075590924406
-6.864083871256
-6.641658478629
-6.408332691757
-6.164209991198
-5.909489579867
-5.644477689315
-5.369600505426
-5.085419461777
-4.792649986167
-4.492185229322
-4.185126853253
-3.872825553156
-3.55693442626
-3.239478035037
-2.922937765807
-2.610347255008
-2.305375841011
-2.012348351846
-1.736108479602
-1.486378539485
-1.270353013855
-1.086593139377
-0.9316380751034
-0.8012313086795
-0.6915909073054
-0.6015322431287
-0.5269150700871
-0.4637074408344
-0.4092526575598
-0.3617329482047
-0.3198529396486
-0.2826586846654
-0.2494291659745
-0.2196082768169
-0.192760521842
-0.1689287981589
-0.1475603705835
-0.12830770954
-0.1109577190147
-0.09532638154223
-0.08125401726512
-0.06860268743316
-0.05725578851608
-0.04712128276005
-0.03815081222721
-0.03045819260837
-0.02396036378768
-0.01815776288563
-0.01268041165537
-0.00758707583845
-0.003330088637849
-0.0006717883428258
-0.0009335705351935
-0.007358841552149
-0.0153981837558
-0.02373467942862
-0.0318998772203
-0.03973372634706
-0.0471756353082
-0.05420225633133
-0.06081231692365
-0.0670153309424
-0.0728262386915
-0.07826277727572
-0.08334400710821
-0.08813529241734
-0.09261796055536
-0.09679799190104
-0.1006938165549
-0.1043231575477
-0.1077029291598
-0.110849187416
-0.1137771149881
-0.1165010287048
-0.1190344017136
-0.1213898948782
-0.1235793936992
-0.1256140482039
-0.1275043140534
-0.1292599936724
-0.1308902765993
-0.1324037785281
-0.1338085787118
-0.1351122555337
-0.1363219201499
-0.1374442481757
-0.1384855094356
-0.1394515958268
-0.1403480473701
-0.141180076532
-0.1419525909125
-0.1426702143925
-0.1433373068404
-0.1439579824697
-0.1445361269434
-0.1450754133114
-0.1455793168668
-0.1460511290016
-0.1464939701366
-0.1469108017979
-0.1473044379077
-0.1476775553524
-0.1480327038889
-0.1483723154462
-0.1486987128796
-0.1490141182298
-0.1493215997268
-0.1496432119385
-0.1499597647612
-0.1502730755152
-0.1505848920103
-0.1508968977872
-0.1512107170266
-0.1515279191489
-0.1518500231218
-0.1521785014923
-0.1525147841578
-0.1528602618884
-0.1532162896126
-0.1535841894747
-0.1539609686693
-0.1543438545421
-0.1547403253206
-0.1551517446276
-0.1555785225884
-0.1560120958304
-0.1564155634599
-0.1567791179997
-0.1571020219081
-0.1573836501706
-0.1576233641841
-0.1578205032339
-0.1579743850153
-0.1580843078832
-0.1581495536446
-0.1581693906164
-0.1581430768696
-0.1580698636363
-0.1579489988773
-0.1577797310086
-0.1575613127926
-0.1572972458411
-0.1569936653077
-0.1566397705712
-0.1562348420513
-0.1557782303456
-0.1552693133714
-0.1547075008001
-0.1540922386332
-0.1534230139096
-0.1526993595327
-0.1519208592071
-0.1510871524679
-0.1501979397873
-0.1492529877391
-0.1482521342008
-0.1471952935682
-0.146082461957
-0.1449137223631
-0.1436892497495
-0.1424093160267
-0.1410742948904
-0.1396846664773
-0.1382410217999
-0.1367440669154
-0.1351946267864
-0.1335936487855
-0.1319422057977
-0.1302414988706
-0.1284928593645
-0.1266977505513
-0.1248577686136
-0.1229746429929
-0.1210502360389
-0.1190865419098
-0.1170856846777
-0.1150499155914
-0.1129816094521
-0.1108832600595
-0.1087574746847
-0.1066069675333
-0.1044345521596
-0.1022431328003
-0.1000356945964
-0.09781529268131
-0.09558504011762
-0.09334809467664
-0.09110764446778
-0.08886689244313
-0.08662903982552
-0.0843972685379
-0.08217472274784
-0.07996448968409
-0.07776957993128
-0.07559290746343
-0.07343726973379
-0.07130532819521
-0.06919958967662
-0.06712238908311
