1.573188721067e-11
1.630618662865e-11
1.697807508406e-11
1.75371906357e-11
1.8352636076e-11
1.901345266706e-11
1.971726098023e-11
2.057876798036e-11
2.128999522919e-11
2.222585126571e-11
2.301995000104e-11
2.383279625883e-11
2.463967317312e-11
2.562833816946e-11
2.660261438034e-11
2.753702617689e-11
2.850850985568e-11
2.955907370302e-11
3.056954808412e-11
3.145905064005e-11
3.251545453832e-11
3.34912112564e-11
3.439962024846e-11
3.540335323354e-11
3.613271357286e-11
3.687500554194e-11
3.761404954996e-11
3.818173091651e-11
3.867523843608e-11
3.914764152184e-11
3.935889789005e-11
3.951093061163e-11
3.962023069152e-11
3.954156318086e-11
3.953532387931e-11
3.962316100587e-11
3.974192222309e-11
4.003617399581e-11
4.056483170245e-11
4.13161622566e-11
4.220486424627e-11
4.305400638666e-11
4.381717381054e-11
4.428746036434e-11
4.443306449363e-11
4.422070413498e-11
4.39015401097e-11
4.351522584309e-11
4.321662370433e-11
4.327394323734e-11
4.335903486485e-11
4.367047731112e-11
4.417494881474e-11
4.474439636227e-11
4.537160885823e-11
4.610495369888e-11
4.66831372139e-11
4.735424457915e-11
4.787088091666e-11
4.830740027806e-11
