-6.304637579872e-06
-3.638597763732e-06
-2.124959730443e-06
-1.299311639279e-06
-8.22278932262e-07
-5.170577118589e-07
-3.062463464868e-07
-1.681672428603e-07
-9.657950083288e-08
-5.596315701838e-08
-2.71735663409e-08
-9.798038917279e-09
-3.098885101674e-09
-2.069237418201e-10
6.872901419037e-14
1.144512956776e-13
1.34082217529e-13
1.373603716671e-13
1.251442104895e-13
9.288208258209e-14
2.642748081197e-14
-3.227158422989e-10
-1.107705856673e-09
-4.807325575893e-09
-5.184244726169e-08
-5.096153662527e-07
-1.842512225857e-06
-4.644186634004e-06
-8.348684434208e-06
-1.298567953299e-05
