-2.280179453099e-06
-1.935152840816e-06
-1.652302957475e-06
-1.42202957847e-06
-1.232910024173e-06
-1.071641917429e-06
-9.32803947355e-07
-8.122468579532e-07
-7.067420868409e-07
-6.139462734578e-07
-5.34064746204e-07
-4.631837148917e-07
-3.990989412423e-07
-3.407797994577e-07
-2.876103966511e-07
-2.392128819577e-07
-1.954141325834e-07
-1.563510745174e-07
-1.24003552797e-07
-1.000229739229e-07
-8.114249539528e-08
-6.488542680256e-08
-5.055903930089e-08
-3.782103046744e-08
-2.649884298578e-08
-1.662921276138e-08
-9.462906795121e-09
-6.173399484075e-09
-3.639673932736e-09
-1.631091119276e-09
-4.226808275194e-10
-1.223816640355e-10
2.372366534782e-14
6.348063741455e-14
8.920144261687e-14
1.074566745769e-13
1.209454827286e-13
1.309463506779e-13
1.382854214112e-13
1.434677148444e-13
1.468095451966e-13
1.485723266945e-13
1.488723880516e-13
1.478482204454e-13
1.455374024421e-13
1.41971484511e-13
1.372373245265e-13
1.311864309502e-13
1.238828419715e-13
1.152113098322e-13
1.051131769853e-13
9.351243585618e-14
8.011218008265e-14
6.480138647837e-14
4.728810039703e-14
2.734522008575e-14
4.344026784621e-15
-5.331263532227e-11
-1.235584800963e-10
-2.005323843548e-10
