1.992049652237e-07
2.007383265152e-07
2.022639311957e-07
2.037808207345e-07
2.052880103983e-07
2.067844898614e-07
2.082692239467e-07
2.097411535125e-07
2.111991965008e-07
2.126422491464e-07
2.140691873676e-07
2.154788683529e-07
2.168701323444e-07
2.182418046393e-07
2.195926978212e-07
2.209216142324e-07
2.222273486951e-07
2.23508691508e-07
2.247644317155e-07
2.259933606698e-07
2.271942758972e-07
2.283659852807e-07
2.295073115662e-07
2.306170972083e-07
2.316942095546e-07
2.327375463913e-07
2.337460418424e-07
2.347186726348e-07
2.356544647279e-07
2.365525003184e-07
2.374119252007e-07
2.382319564951e-07
2.390118907311e-07
2.397511122649e-07
2.404491020356e-07
2.411054466194e-07
2.417198475723e-07
2.422921310357e-07
2.428222575485e-07
2.433103320536e-07
2.437566140301e-07
2.441615277147e-07
2.445256723387e-07
2.44849832316e-07
2.451349873192e-07
2.453823221297e-07
2.455932362096e-07
2.457693528513e-07
2.459125278251e-07
2.460248574082e-07
2.461086852068e-07
2.461666102366e-07
2.462014891608e-07
2.462164431166e-07
2.462148592479e-07
2.462003920893e-07
2.461769630469e-07
2.461487579932e-07
2.461202227844e-07
2.460960565214e-07
2.460812023794e-07
2.460808358152e-07
2.461003499985e-07
2.461453382933e-07
2.462215736424e-07
2.463349847262e-07
2.464916287828e-07
2.466976609887e-07
2.46959300347e-07
2.472827920381e-07
2.476743662386e-07
2.481401934355e-07
2.486863363154e-07
2.493186983402e-07
2.500429691777e-07
2.508645671984e-07
2.517885792977e-07
2.528196983775e-07
2.539621588562e-07
2.552196706648e-07
2.565953522372e-07
2.58091663098e-07
2.597103367134e-07
2.614523143806e-07
2.633176810226e-07
2.653056038635e-07
2.674142750899e-07
2.69640859715e-07
2.719814500196e-07
2.744310280648e-07
2.769834379097e-07
2.796313692872e-07
2.823663545777e-07
2.851787809623e-07
2.880579196129e-07
2.909919736549e-07
2.939681464164e-07
2.969727311027e-07
2.999912225216e-07
3.030084508163e-07
3.060087363476e-07
3.089760639378e-07
3.118942736825e-07
3.147472645431e-07
3.175192059809e-07
3.20194752128e-07
3.227592524381e-07
3.251989525205e-07
3.275011789774e-07
3.296545025239e-07
3.316488745025e-07
3.334757329933e-07
3.351280760512e-07
3.366005010075e-07
3.378892102209e-07
3.38991984973e-07
3.399081303511e-07
3.406383948674e-07
3.411848691699e-07
3.415508685394e-07
3.417408039248e-07
3.41760046079e-07
3.416147870215e-07
3.41311902528e-07
3.408588187763e-07
3.402633856679e-07
3.395337587186e-07
3.386782908549e-07
3.377054349117e-07
3.366236572128e-07
3.354413622101e-07
3.341668278912e-07
3.3280815143e-07
3.313732043963e-07
3.298695967439e-07
3.283046487377e-07
3.266853699638e-07
3.250184445699e-07
3.233102219354e-07
3.215667119883e-07
3.197935844706e-07
3.179961715072e-07
3.16179472882e-07
3.143481635183e-07
3.125066027032e-07
3.106588446522e-07
3.088086500875e-07
3.069594985103e-07
3.051146009483e-07
3.032769129526e-07
3.014491476759e-07
2.996337888825e-07
2.97833103795e-07
2.960491556638e-07
2.942838159984e-07
2.925387764144e-07
2.908155600297e-07
2.891155324181e-07
2.874399120651e-07
2.85789780348e-07
2.841660910128e-07
2.825696791678e-07
2.810012697894e-07
2.794614857518e-07
2.779508554046e-07
2.764698197006e-07
2.750187388891e-07
2.735978988046e-07
2.722075167611e-07
2.708477470697e-07
2.695186861953e-07
2.682203775832e-07
2.669528161578e-07
2.657159525234e-07
2.645096968739e-07
2.63333922637e-07
2.621884698689e-07
2.610731483956e-07
2.599877407484e-07
2.589320048814e-07
2.579056766883e-07
2.569084723464e-07
2.559400904719e-07
2.550002141288e-07
2.540885126876e-07
2.53204643525e-07
2.52348253615e-07
2.515189809793e-07
2.507164560421e-07
2.49940302856e-07
2.491901402502e-07
2.484655828706e-07
2.47766242141e-07
2.470917271478e-07
2.464416454396e-07
2.45815603771e-07
2.452132087672e-07
2.446340675409e-07
2.440777882535e-07
2.435439806151e-07
2.430322563437e-07
2.425422295847e-07
2.420735172763e-07
2.416257394902e-07
2.411985197315e-07
2.407914852038e-07
2.404042670483e-07
2.400365005535e-07
2.39687825338e-07
2.393578855145e-07
2.39046329825e-07
2.387528117618e-07
2.384769896625e-07
2.382185267999e-07
2.379770914493e-07
2.377523569339e-07
2.375440016699e-07
2.373517091961e-07
2.371751681859e-07
2.37014072461e-07
2.368681209765e-07
2.367370178272e-07
2.366204722136e-07
2.365181984248e-07
2.364299158064e-07
2.363553487197e-07
2.362942265058e-07
2.362462834309e-07
2.362112586445e-07
2.361888961168e-07
2.361789445862e-07
2.361811575004e-07
2.361952929456e-07
2.362211135945e-07
2.362583866285e-07
2.363068836717e-07
2.363663807312e-07
2.364366581116e-07
2.365175003555e-07
2.366086961657e-07
2.367100383382e-07
2.36821323685e-07
2.3694235296e-07
2.370729307937e-07
2.372128656141e-07
2.373619695795e-07
2.375200584996e-07
2.376869517738e-07
2.378624723144e-07
2.380464464742e-07
2.382387039844e-07
2.384390778794e-07
2.386474044314e-07
2.388635230858e-07
2.390872763922e-07
2.393185099377e-07
2.395570722866e-07
2.398028149144e-07
2.400555921468e-07
2.403152611031e-07
2.405816816244e-07
2.408547162265e-07
2.411342300365e-07
2.414200907369e-07
2.417121685121e-07
2.420103359863e-07
2.423144681836e-07
2.426244424611e-07
2.429401384672e-07
2.432614380882e-07
2.435882253974e-07
2.43920386614e-07
2.44257810046e-07
2.446003860525e-07
2.449480069959e-07
2.453005671993e-07
2.45657962899e-07
2.460200922078e-07
2.463868550777e-07
2.467581532483e-07
2.471338902196e-07
2.475139712066e-07
2.478983031044e-07
2.482867944578e-07
2.486793554153e-07
2.490758977042e-07
2.494763345924e-07
2.498805808553e-07
2.502885527508e-07
2.507001679762e-07
2.511153456523e-07
2.515340062791e-07
2.519560717232e-07
2.523814651744e-07
2.528101111301e-07
2.532419353616e-07
2.536768648897e-07
2.541148279682e-07
2.545557540436e-07
2.549995737433e-07
