-2.198250379221
-1.337258478695
-0.4868917271246
-0.06913511937897
0.001956260932848
-0.03098308292839
-0.06565813012973
-0.09684527855365
-0.1237540483954
-0.1463305148909
-0.1647639478368
-0.1792715032891
-0.189983293571
-0.1968638066666
-0.1996403184239
-0.1977237240911
-0.1901191791774
-0.1753493446279
-0.1514940649724
-0.1167718729345
-0.07299337525318
-0.03701178348598
-0.01601450608857
-0.002738295965137
0.001063434376531
0.002146061852989
0.002930933670608
0.003515276350444
0.003958916187076
0.004301318392468
0.004569707510419
0.004783421775887
0.004956465009389
0.005099107069822
0.005218940605564
0.005321606320567
0.005411305280191
0.005491168585497
0.00556352835013
0.005630118629192
0.005692225650332
0.005750800791921
0.00580654586405
0.005859977607999
0.005911476492557
0.005961323580797
0.006009728298779
0.006056849248015
0.006102809692851
0.006147708971946
0.006191630794946
0.006234649166376
0.006276832511102
0.006318246446522
0.006358955546649
0.006399024365284
0.006438517924758
0.006477501828912
0.006516042121643
0.006554204982842
