-0.4917666911399
-0.4614224098709
-0.4303829025095
-0.3986260990382
-0.3661298724675
-0.3328645652125
-0.2988216601891
-0.264144563319
-0.229264302103
-0.1946781609751
-0.1607892488797
-0.1277678492044
-0.09569522046357
-0.06509985567465
-0.03664542469523
-0.01551696706246
-0.006258556844175
4.323561042307e-06
1.902549198942e-05
2.966049362417e-05
3.791031879623e-05
4.453496163269e-05
4.997653858057e-05
5.452414302379e-05
5.837900585927e-05
6.168648542263e-05
6.455411624617e-05
6.706281991719e-05
6.927434332069e-05
7.123640376399e-05
7.298633484896e-05
7.455370606569e-05
7.596222251138e-05
7.723111358953e-05
7.837615652727e-05
7.941043751626e-05
8.034492322936e-05
8.118889435037e-05
8.195027791078e-05
8.263590479134e-05
8.325171139443e-05
8.380289929533e-05
8.429406298393e-05
8.47292931592e-05
8.511226112273e-05
8.544628841457e-05
8.573440479238e-05
8.597939686581e-05
8.618384908752e-05
8.635017831866e-05
8.648066279642e-05
8.657746601608e-05
8.664265579455e-05
8.667821861194e-05
8.668606924478e-05
8.666805572237e-05
8.662595975835e-05
8.656149301835e-05
8.647628983688e-05
8.637189723029e-05
8.624976319607e-05
8.611122428907e-05
8.59574933076e-05
8.578964763437e-05
8.560861842115e-05
8.54151804519e-05
8.520994222602e-05
8.499333560414e-05
8.476560426315e-05
8.452679021149e-05
8.427671771615e-05
8.401497420293e-05
8.374088805193e-05
8.345350380926e-05
8.315155632667e-05
8.283344697929e-05
8.249722780184e-05
8.214060375633e-05
8.176097034111e-05
8.135551471526e-05
8.092142515453e-05
8.045627761668e-05
7.995869941447e-05
7.942944206986e-05
7.887300443986e-05
7.829986964767e-05
7.772912393686e-05
7.719053267567e-05
7.672407546308e-05
7.637437053997e-05
7.617942619359e-05
7.615837906913e-05
7.630611659528e-05
7.659799224373e-05
7.700009248588e-05
7.747869263178e-05
7.800596989671e-05
7.856221950681e-05
7.913587721331e-05
7.972251108343e-05
8.032353011611e-05
8.094500043033e-05
8.159670390533e-05
8.229138352746e-05
8.304394393515e-05
8.387017312217e-05
8.478434849414e-05
8.579513025949e-05
8.690001725536e-05
8.808073455742e-05
8.930363561671e-05
9.052700231055e-05
9.171155116429e-05
9.282814683158e-05
9.386012101271e-05
9.48015984931e-05
9.56543104208e-05
9.642453260515e-05
9.712076859964e-05
9.775221949202e-05
9.832787359297e-05
9.885602308027e-05
9.934405131332e-05
9.979838074587e-05
0.0001002245095634
0.0001006270924285
0.0001010100387958
0.0001013766137326
0.0001017295332428
0.0001020710503141
0.0001024030303595
0.0001027270160822
0.0001030442824948
0.0001033558831401
0.0001036626886503
0.0001039654187545
0.0001042646687517
0.0001045609313527
0.0001048546146697
0.0001051460570199
0.0001054355391005
0.0001057232940016
0.0001060095154429
0.000106294364554
0.000106577975459
0.0001068604598808
0.0001071419109416
0.000107422406303
0.0001077020107645
0.0001079807784149
0.0001082587544179
0.0001085359764947
0.0001088124761562
0.0001090882797303
0.0001093634092172
0.0001096378830038
0.0001099117164606
0.0001101849224406
0.0001104575116975
0.0001107294932358
0.0001110008746045
0.0001112716621432
0.0001115418611895
0.0001118114762522
0.0001120805111574
0.0001123489691712
0.0001126168531024
0.0001128841653889
0.0001131509081704
0.0001134170833489
0.0001136826926395
0.0001139477376132
0.0001142122197321
0.0001144761403788
0.0001147395008811
0.0001150023025318
0.0001152645466057
0.0001155262343727
0.0001157873671091
0.0001160479461063
0.0001163079726777
0.0001165674481645
0.0001168263739392
0.0001170847514094
0.0001173425820195
0.0001175998672523
0.0001178566086298
0.0001181128077134
0.0001183684661039
0.0001186235854408
0.0001188781674015
0.0001191322137007
0.0001193857260888
0.0001196387063504
0.0001198911563037
0.000120143077798
0.0001203944727128
0.0001206453429561
0.0001208956904624
0.0001211455171917
