-0.3886319698114
-0.3761926144727
-0.3636403789183
-0.3509763538452
-0.3382018412267
-0.3253183608071
-0.3123276563227
-0.2992317014152
-0.286032705206
-0.2727331175007
-0.2593356335892
-0.24584319861
-0.2322590114467
-0.2185865281217
-0.2048294646551
-0.1909917993549
-0.1770777745018
-0.1630918973943
-0.1490389407164
-0.1349239421879
-0.1207522034582
-0.1065292881978
-0.09226101934429
-0.07807774718623
-0.06544465180291
-0.05446591731822
-0.04482664132476
-0.03629047466292
-0.02867572798697
-0.0218398749567
-0.01566916146735
-0.01007143632383
-0.004971079640093
-0.0003053353641693
0.003978393238261
0.007924573254425
0.01157108957053
0.0149504416099
0.01809068088403
0.02101615415888
0.02374809885745
0.02630512473459
0.0287036070137
0.03095800986428
0.03308115453756
0.0350844431379
0.03697804653341
0.03877106305634
0.04047165324092
0.04208715477417
0.04362418100815
0.04508870573804
0.04648613644538
0.04782137780649
0.0490988869474
0.05032272167191
0.05149658268305
0.0526238506509
0.05370761884341
0.05475072192421
0.05575576142915
0.05672512835633
0.05766102324075
0.05856547403063
0.0594403520384
0.0602873862006
0.0611081758497
0.06190420217319
0.06267683851226
0.06342735963285
0.06415695008462
0.06486671174907
0.06555767066546
0.06623078321232
0.0668869417131
0.06752697952637
0.06815167567379
0.06876175905319
0.06935791227845
0.06994077518345
0.07051094802302
0.07106899440035
0.07161544394713
0.07215079477983
0.07267551575305
0.07319004852892
0.07369480947914
0.07419019143508
0.07467656529934
0.07515428153121
0.07562367151698
0.07608504883515
0.07653871042555
0.07698493767055
0.07742399739574
0.07785614279677
0.07828161429854
0.07870064035216
0.07911343817473
0.07952021443664
0.07992116590039
0.08031648001487
0.08070633546854
0.08109090270471
0.08147034440168
0.08184481592071
0.08221446572393
0.08257943576457
0.08293986185168
0.08329587399093
0.0836475967035
0.08399514932453
0.08433864628254
0.08467819736131
0.08501390794535
0.08534587925012
0.08567420853816
0.0859989893219
0.08632031155434
0.08663826180811
0.08695292344399
0.08726437676937
0.08757269918744
0.08787796533771
0.08818024722834
0.08847961436096
0.08877613384832
0.08906987052535
0.08936088705393
0.08964924402189
0.08993500003654
0.09021821181302
0.0904989342579
0.09077722054826
0.09105312220657
0.09132668917147
0.09159796986498
0.0918670112561
0.09213385892111
0.09239855710078
0.09266114875468
0.09292167561271
0.09318017822401
0.09343669600351
0.09369126727607
0.09394392931854
0.09419471839972
0.0944436698184
0.09469081793957
0.09493619622893
0.09517983728575
0.09542177287414
0.09566203395302
0.09590065070452
0.09613765256119
0.09637306823202
0.09660692572713
0.09683925238155
0.09707007487777
0.09729941926747
0.09752731099217
0.09775377490306
0.09797883527995
0.09820251584948
0.09842483980246
0.09864582981058
0.09886550804239
0.09908389617863
0.09930101542693
0.09951688653598
0.099731529809
0.09994496511685
0.1001572119105
0.100368289233
0.1005782157312
0.1007870096666
0.1009946889266
0.101201271034
0.1014067731576
0.1016112121214
0.1018146044141
0.1020169661976
0.1022183133159
0.1024186613032
0.1026180253917
0.1028164205197
0.1030138613388
0.103210362221
0.1034059372656
0.1036006003063
0.103794364917
0.1039872444188
0.1041792518855
0.1043704001498
0.1045607018087
0.1047501692293
0.1049388145538
0.1051266497051
0.1053136863912
0.1054999361108
