-0.3086186815983
-0.281256256052
-0.2544172684729
-0.2281019126883
-0.2023138586915
-0.1770612050615
-0.1523578916017
-0.1282258748133
-0.1046986384814
-0.08182720766318
-0.05969133851928
-0.03842337149054
-0.01827654915176
-0.0001523027998135
-0.00128042205471
-0.01682528099111
-0.04373785857977
-0.0724283088656
-0.1018190068454
-0.1315797970213
-0.1615575701143
-0.191667896018
-0.2218789871189
-0.2523284314179
-0.2830808346967
-0.3140525977899
-0.3451525717458
-0.3762983763422
-0.4074176074163
-0.4384472585404
