-0.04135475141893
-0.03199569487566
-0.02329892241483
-0.01524086353048
-0.00784612977438
-0.001387379236346
0.0009943837815633
0.0009029112511687
0.0004443453868956
-0.001064285625876
-0.004800118856555
-0.007526464029235
-0.00900788355799
-0.00968354745959
-0.009882309608516
-0.00976957804194
-0.009453127319299
-0.009003392740213
-0.008466985874008
-0.007875221670193
-0.007249447334358
-0.006604400467556
-0.005950358439469
-0.005294539047877
-0.004642030044321
-0.003996416833232
-0.003360213256904
-0.00273516162986
-0.002122444502687
-0.001522835909932
-0.0009368105372077
-0.0003646232463804
4.970270567389e-05
0.0001867692547507
0.0003159700592892
0.0004369265595321
0.0005493514984649
0.0006530471093353
0.0007479038404012
0.0008338990897424
0.0009110955086533
0.0009796385058572
0.001039752659402
0.001091736827174
0.001135957845251
0.001172842814339
0.001202870092461
0.001226559226015
0.001244460148932
0.001257142048859
0.001265182331437
0.001269156105817
0.001269626568473
0.001267136586889
0.001262201690173
0.001255304573126
0.001246891124543
0.001237367909182
0.001227100969275
0.001216415770712
