-0.4009207874785
-0.3920156915401
-0.3832837156177
-0.374698164878
-0.3662412449551
-0.3578827222589
-0.3495833642594
-0.3413002560786
-0.3329919072001
-0.3246218168362
-0.3161602619469
-0.3075847098632
-0.298879393896
-0.2900344816493
-0.2810451095873
-0.2719104333734
-0.2626327641939
-0.2532168167328
-0.2436690721719
-0.2339972502566
-0.2242098823469
-0.214315979323
-0.2043247927321
-0.1942456741322
-0.184090878894
-0.1740195658562
-0.1641419626902
-0.1544795188929
-0.1450442502699
-0.1358421384681
-0.126875604754
-0.1181452382571
-0.1096509787922
-0.1013929099128
-0.09337177020041
-0.08558925424137
-0.07804815019116
-0.07075234642572
-0.06370673379091
-0.05691703106318
-0.05038956834441
-0.04413107557127
-0.03814854278419
-0.03244925626167
-0.02704121702923
-0.02193453110951
-0.01714643770019
-0.0127511895649
-0.009105644274276
-0.005925270859175
-0.003144487189076
-0.0008603759436614
2.950665745041e-06
1.150210534746e-05
1.245453124263e-05
7.788225850359e-06
-8.232878048708e-05
-0.0004541618608945
-0.0008900105649817
-0.001367000246964
-0.001870129933105
-0.002388888897187
-0.002915487618515
-0.003451212442116
-0.004143340537439
-0.004937543976223
-0.00576221157512
-0.006583686012912
-0.007416614566849
-0.008494629344553
-0.009508100435001
-0.01045477267062
-0.01133432414981
-0.01214763827407
-0.01289637498625
-0.01358269667396
-0.01420908297136
-0.0147782010973
-0.01529281317656
-0.01575570937876
-0.01616965969144
-0.01653737944602
-0.01686150513521
-0.01714457798833
-0.01738903340854
-0.01759719483162
-0.01777127090212
-0.01791335511579
-0.01802542727132
-0.01810935622417
-0.01816690355163
-0.01819972782964
-0.01820938929235
-0.01819735470122
-0.01816500229376
-0.01811362671536
-0.01804444386431
-0.01795859559994
-0.01785715427963
-0.01774112710236
-0.01761146024558
-0.017469042789
-0.01731471042406
-0.01714924895173
-0.01697339757387
-0.01678785198544
-0.01659326727608
-0.01639026065054
-0.01617941397779
-0.01596127617903
-0.01573636546469
-0.01550517143058
-0.01526815702305
-0.0150257603828
-0.01477839657666
-0.0145264592265
-0.01427032204406
-0.01401034028008
-0.01374685222772
-0.01348036648223
-0.01321135528974
-0.01294010759314
-0.01266689837611
-0.01239198957101
-0.01211563090795
-0.01183806070891
-0.01155950663021
-0.0112801863566
-0.01100030824958
-0.01072007195262
-0.01043966895535
-0.01015928311872
-0.009879091162784
-0.009599263118501
-0.009319962744715
-0.009041347911259
-0.008763570948817
-0.008486778966015
-0.008211114133924
-0.007936713937958
-0.007663711396887
-0.007392235248482
-0.00712241010103
-0.006854356549757
-0.006588191256935
-0.006324026994177
-0.006061972645222
-0.005802133167175
-0.005544609507949
-0.005328231617204
-0.005212864503209
-0.005100565661851
-0.004991413324874
-0.004885491471741
-0.00478289044181
-0.00468370755973
-0.004588047768229
-0.00449602425973
-0.00440775909491
-0.004322861720306
-0.004239295759491
-0.004156838238283
-0.004075486376841
-0.003995237121949
-0.003916087040976
-0.003838032271712
-0.0037610685039
-0.00368519097917
-0.003610394501737
-0.003536673455376
-0.003464021823926
-0.003392433213633
-0.003321900876255
-0.003252417732261
-0.003183976393682
-0.003116569186348
-0.003050188171339
-0.002984825165554
-0.002920471761342
-0.002857119345184
-0.002794759115408
-0.002733382098973
-0.002672979167329
-0.002613541051398
-0.002555058355692
-0.002497521571623
-0.00244092109003
-0.002385247212967
-0.00233049016478
-0.002276640102523
-0.002223687125744
-0.002171621285657
-0.00212043259377
-0.002070111029964
-0.002020646550072
-0.00197202909299
-0.001924248587332
-0.001877294957671
-0.001831158130379
-0.001785828039099
