-0.663016310655
-0.6295576052503
-0.5930455662958
-0.5532929307862
-0.5101779801647
-0.4636772999761
-0.4139115159007
-0.3612138286367
-0.3062405193375
-0.2501465554816
-0.1947748917275
-0.1425057217503
-0.09535381662239
-0.05408836029131
-0.01838438282632
0.002574873721426
0.007679390261139
0.0117593433893
0.01510922330468
0.01791813755963
0.02031431984862
0.02238829587954
0.0242059895076
0.02581661618925
0.02725767466025
0.0285582295873
0.02974114074358
0.03082461791044
0.03182333037245
0.03274921417969
0.03361206953182
0.03442000945699
0.03517980125272
0.03589712937627
0.03657679999175
0.03722290163923
0.03783893253145
0.03842790220794
0.03899241330232
0.0395347277545
0.04005682076056
0.04056042498613
0.04104706699678
0.04151809742836
0.04197471609289
0.04241799296501
0.04284888580064
0.04326825498906
0.04367687612204
0.04407545067111
0.04446461509057
0.04484494860559
0.04521697989786
0.04558119286376
0.04593803158953
0.04628790466332
0.04663118892394
0.04696823272947
0.04729935881565
0.04762486680258
