-1.978651754143
-1.943604305481
-1.908211335513
-1.872505980612
-1.836526052558
-1.800314262326
-1.763918261613
-1.727390360713
-1.690786718841
-1.654165745049
-1.617585438432
-1.581099514319
-1.544752493531
-1.508574458553
-1.472576649101
-1.436749055785
-1.401060507533
-1.36546084454
-1.329884226852
-1.294252631734
-1.25847888941
-1.222468909628
-1.186122944171
-1.149335816104
-1.111996057936
-1.073983860586
-1.035167650321
-0.9953989760841
-0.9545051890112
-0.9122791083823
-0.8684644946117
-0.8227358645269
-0.7746722532087
-0.7242141409952
-0.6768789610648
-0.6338664953102
-0.5945687257929
-0.5584699240671
-0.5251393393048
-0.4942206016558
-0.4654204554269
-0.438498108848
-0.4132557521345
-0.3895304144902
-0.3671871336665
-0.3461133008249
-0.3262139671959
-0.307407827302
-0.2895894019339
-0.272649860171
-0.2565117464573
-0.2411002457658
-0.2263418800937
-0.2121636150922
-0.1984925257918
-0.1852563370085
-0.1723854307625
-0.1598173585373
-0.1475055208677
-0.1354342304369
-0.1236418390678
-0.1122496669222
-0.1014849567581
-0.091672770176
-0.08314038038373
-0.07594206748549
-0.06971508305945
-0.06400475894751
-0.05838633375363
-0.05231432552536
-0.04513047310948
-0.03655104157068
-0.02746456682124
-0.01974248226291
-0.01372773986276
-0.008941959155334
-0.005023847880356
-0.00192906589885
-0.0001294374821383
8.677471741273e-08
9.296535838492e-08
7.012559573604e-08
2.57154306288e-08
-0.0001474078675481
-0.0004596134761975
-0.0009256012370673
-0.002138661527707
-0.004002698414081
-0.005829261501371
-0.007585900614927
-0.00925900221495
-0.01083805057246
-0.01231552614281
-0.01368709598567
-0.01495117881007
-0.01610827249136
-0.01716030459307
-0.01811008325548
-0.01896085745534
-0.01971598105128
-0.02037867294321
-0.02095186422603
-0.02143812124623
-0.02183963179997
-0.02215824088163
-0.02239552248788
-0.02255287486514
-0.02263162806484
-0.02263315455608
-0.02255897576066
-0.02241085953946
-0.0221909056835
-0.02190161816463
-0.02154596410921
-0.02112742001348
-0.02065000545589
-0.02011830329702
-0.01953746293724
-0.01891317970185
-0.01825163960074
-0.01755941665201
-0.01684331323121
-0.01611014580792
-0.01536649777732
-0.01461847898105
-0.01386483471894
-0.01310283762772
-0.01233754693736
-0.0115737204342
-0.01081577273852
-0.01006776539438
-0.009333405722439
-0.00861604669131
-0.007918682150137
-0.007247318023065
-0.00662651323691
-0.006053087665925
-0.005518748018048
-0.005016879136191
-0.004542588185935
-0.004092500569576
-0.003664538151601
-0.00325779807877
-0.002872598825628
-0.00251076202572
-0.002176216045077
-0.001875902468621
-0.001610891357355
-0.001356559397477
-0.001110530451786
-0.0008727475323195
-0.0006433800664052
-0.0004234584463914
-0.0002207488306035
-9.929697691236e-05
-8.018265433422e-06
4.696837745723e-08
7.54481754775e-08
9.384401625722e-08
1.065151255366e-07
1.154317963482e-07
1.217147124033e-07
1.260754909805e-07
1.289944017997e-07
1.308085342791e-07
1.317613390604e-07
1.320327042816e-07
1.317581678133e-07
1.310416386163e-07
1.299640524698e-07
1.285893916804e-07
1.269689494278e-07
1.251443994646e-07
1.231500375858e-07
1.210144394587e-07
1.187617010755e-07
1.16412376661e-07
1.139841944854e-07
1.114926076917e-07
1.089512211738e-07
1.063721243355e-07
1.037661516585e-07
1.011430873794e-07
9.851182652619e-08
9.588050163055e-08
9.325658228663e-08
9.064695314775e-08
8.805797477695e-08
8.549553089064e-08
8.296506486197e-08
8.04716078407e-08
7.801980043318e-08
7.561390956451e-08
7.325784186825e-08
7.095515471653e-08
6.870906580416e-08
6.652246201334e-08
6.439790813088e-08
6.233765583913e-08
6.034365327994e-08
