-31.63513204447
-31.60420883825
-31.65396434449
-31.78892903411
-32.013782724
-32.33286976865
-32.74908094379
-33.26129229358
-33.85838311857
-34.50474901644
-35.10384717769
-35.40763991687
-34.85643846973
-32.74953467716
-29.27490160443
-25.39710064355
-21.7848463438
-18.66429145455
-16.04283889084
-13.85636988961
-12.03529761085
-10.58101327691
-9.407900162442
-8.43566177999
-7.612409781687
-6.903013269342
-6.282810158474
-5.733962554159
-5.243239455952
-4.800613523149
-4.398342643783
-4.030351147986
-3.69180228703
-3.37879629433
-3.088152988154
-2.817252575734
-2.56391734804
-2.326322649906
-2.102929191918
-1.892431207709
-1.693716614818
-1.5058364959
-1.32798206729
-1.15946797954
-0.9997214228343
-0.8482772529571
-0.704789320249
-0.5690362430781
-0.4409373786131
-0.3206789229059
-0.2087827031255
-0.1048070811018
-0.01540915543711
-0.02597692514898
-0.09047585972174
-0.160511775057
-0.2335539410685
-0.3082957197885
-0.3839048368097
-0.4597989084828
-0.5355409336552
-0.6107833893632
-0.6852361323145
-0.7586471317033
-0.8307905834841
-0.901459499915
-0.9704611357373
-1.037614278709
-1.102747797685
-1.165700049524
-1.226318868976
-1.28446194129
-1.339997406067
-1.392804574592
-1.44277466793
-1.489811503246
-1.533832073257
-1.574766979295
-1.612560692761
-1.647171632632
-1.678572058189
-1.70674778585
-1.731697746936
-1.753433409065
-1.771978087787
-1.787366177013
-1.799642327021
-1.80886059754
-1.815083610897
-1.818381726866
-1.818832256837
-1.816518730702
-1.811530225456
-1.803960760348
-1.793908759503
-1.781476579425
-1.766770095831
-1.74989834178
-1.73097318724
-1.710109049014
-1.687422619403
-1.663032602438
-1.637059448483
-1.609625084847
-1.580852668684
-1.550866586446
-1.519796771615
-1.487967074807
-1.455962457409
-1.423953715314
-1.392027675568
-1.36025891694
-1.328714379189
-1.297454370428
-1.26653297033
-1.235998298325
-1.20589276196
-1.1762533184
-1.14711175696
-1.118495001593
-1.090425428866
-1.06292119582
-1.035996572037
-1.009662270602
-0.9839257733396
-0.9587916464161
-0.9342618432059
-0.9103359920326
-0.8870116670972
-0.8642846415023
-0.8421491218022
-0.820597963946
-0.7996228708355
-0.7792145719955
-0.7593629860693
-0.740057367004
-0.7212864348923
-0.703038492502
-0.6853018497807
-0.6680650373036
-0.6513157023279
-0.6350413769901
-0.6192295723445
-0.6038678311831
-0.5889437734731
-0.5744451351859
-0.5603598012279
-0.5466758331269
-0.5333814920691
-0.5204652578264
-0.5079158440613
-0.4957222104521
-0.4838735720304
-0.4723594060877
-0.4611694569657
-0.4502937390126
-0.4397225379564
-0.429446410917
-0.4194561852547
-0.4097429564286
-0.400298085019
-0.391113193048
-0.3821801597182
-0.3734911166732
-0.3650384428706
-0.3568147591473
-0.3488129225468
-0.3410260204681
-0.3334473646888
-0.3260704853068
-0.3188891246401
-0.3118972311174
-0.3050889531881
-0.298458633275
-0.2920008017917
-0.2857101712394
-0.2795816303991
-0.27361023863
-0.2677912202825
-0.262119959236
-0.2565919935637
-0.2512030103315
-0.2459488405333
-0.2408254541635
-0.23582895543
-0.2309555781059
-0.226201681021
-0.221563743691
-0.2170383620845
-0.2126222445235
-0.2083122077183
-0.2041051729319
-0.199998162272
-0.1959882951088
-0.1920727846135
-0.1882489344166
-0.1845141353816
-0.180865862491
-0.1773016718418
-0.1738191977468
