-8.884146981609
-8.398958589564
-7.944114645386
-7.516693763461
-7.114093959905
-6.734004220815
-6.374403958448
-6.036858140406
-5.717915843661
-5.414191063797
-5.124466582493
-4.847683845485
-4.582926744339
-4.329406252673
-4.086445795836
-3.853467289623
-3.629977837821
-3.41555712699
-3.209845597874
-3.01253350613
-2.82335101312
-2.642059477055
-2.468444159905
-2.302308656196
-2.1434715551
-1.991766344482
-1.847046866938
-1.709204410244
-1.57821485417
-1.454278778688
-1.338246871941
-1.232068442084
-1.134539715728
-1.041474701229
-0.950756868378
-0.8619236434472
-0.7748922361703
-0.6896403943235
-0.6062304672464
-0.524789220237
-0.4455064180739
-0.3686461184741
-0.2948430470969
-0.2255391308326
-0.1608250986964
-0.1026864702452
-0.05608791315586
-0.03112373581719
-0.01485793513284
-0.01288884590858
-0.01237926161285
-0.01197497301769
-0.01157783266223
-0.01115400380154
-0.01068554799737
-0.01016003337808
-0.009567932065722
-0.008902634457701
-0.008161347732809
-0.007346569595995
-0.006468467048606
-0.005547612836643
-0.004615188570814
-0.003707165923565
-0.002861700651102
-0.002125693279164
-0.001501293853925
-0.0009924309256858
-0.0006111058884166
-0.000372430019699
-0.0002315707765772
-0.0001551946394908
-9.98738587926e-05
-5.804442399813e-05
-2.946388310182e-05
-1.652397995227e-05
-8.70698514837e-06
-2.837706383209e-06
9.066197782611e-10
2.642741056186e-09
4.026034128958e-09
5.206787897052e-09
6.257909102597e-09
7.218158627784e-09
8.108599659237e-09
8.939706684862e-09
9.714619147561e-09
1.043053688289e-08
1.107903707457e-08
1.16455819127e-08
1.210820155955e-08
1.243508636921e-08
1.258047116311e-08
1.247754765629e-08
1.202573653506e-08
1.106604233667e-08
9.326116367742e-09
6.251616474853e-09
-4.777598968155e-07
-3.428775165914e-05
-0.0001117060711744
-0.00019302608122
-0.0002726908352082
-0.0003400877482161
-0.000371793692794
-0.0003168021402948
-0.0001032768109557
-5.241844067439e-05
-3.406500248779e-05
-2.153281549115e-05
-1.199005338294e-05
-4.100937677244e-06
1.705396656344e-09
5.200806614233e-09
8.008867389598e-09
1.025969149919e-08
1.205500978372e-08
1.347843182439e-08
1.459898081654e-08
1.547300657376e-08
1.614580019779e-08
1.665310507494e-08
1.702253679763e-08
1.727492885868e-08
1.742561235345e-08
1.748561730881e-08
1.746277425887e-08
1.736270378701e-08
1.718969887892e-08
1.694751720885e-08
1.664009794437e-08
1.627219867521e-08
1.584991944257e-08
1.53810553016e-08
1.487521143916e-08
1.434363575743e-08
1.379877033011e-08
1.325358087293e-08
1.272077182422e-08
1.221201519029e-08
1.173730855825e-08
1.130454016218e-08
1.091928895327e-08
1.058484425944e-08
1.030239892816e-08
1.00713575216e-08
9.889701352928e-09
9.75436272484e-09
9.661574050316e-09
9.607170917242e-09
9.586839939001e-09
9.596310054144e-09
9.631491375997e-09
9.688568891809e-09
9.764059099615e-09
9.854837548697e-09
9.958144988912e-09
1.007157807129e-08
1.019306988903e-08
1.032086418944e-08
1.045348653757e-08
1.058971417496e-08
1.072854630787e-08
1.086917585777e-08
1.101096308468e-08
1.11534114787e-08
1.129614598241e-08
1.143889367295e-08
1.15814665222e-08
1.172374629374e-08
1.186567144788e-08
1.200722546657e-08
1.214842692516e-08
1.228932074025e-08
1.24299707446e-08
1.257045301507e-08
1.271085034634e-08
1.285124737432e-08
1.299172634938e-08
1.313236363378e-08
1.327322662254e-08
1.341437120681e-08
1.355583972387e-08
1.369765916714e-08
1.383983989574e-08
1.398237469745e-08
1.412523816619e-08
1.426838636141e-08
1.441175679941e-08
1.455526866185e-08
1.469882343156e-08
1.484230547962e-08
1.498558317043e-08
1.5128509917e-08
1.52709255086e-08
1.541265756038e-08
1.555352296423e-08
1.569332954522e-08
1.583187763321e-08
1.596896175928e-08
