-1.363333815814e-08
-1.040961847974e-08
-7.545321988435e-09
-5.067773913284e-09
-3.119947294191e-09
-1.836949530154e-09
-8.993316892824e-10
-2.343162671517e-10
-1.153653845177e-11
-4.661039158978e-12
-4.50299249428e-12
-4.866989020793e-12
-4.771894206535e-12
-4.905746158629e-12
-4.992787078934e-12
-5.661953125424e-12
-8.016366528433e-12
-1.084052070478e-11
-1.695580661636e-11
-3.010575501899e-11
-4.851434475187e-11
-7.506945949345e-11
-1.132299540463e-10
-1.85568349462e-10
-2.835169535321e-10
-4.112148262302e-10
-5.741409564651e-10
-7.824044877214e-10
-1.064248346535e-09
-1.556358496632e-09
