-5.443059268461e-09
-2.127234211492e-09
-4.24187513841e-10
-2.273294953054e-11
-1.867220096801e-11
-2.075283967485e-11
-1.928264813381e-11
-1.991305876546e-11
-2.005037675309e-11
-1.918210110312e-11
-2.079846156287e-11
-2.416209796743e-11
-2.870510537088e-11
-3.4718868205e-11
-5.060708586827e-11
-7.212884817105e-11
-9.821836515506e-11
-1.4737771073e-10
-2.291812745463e-10
-3.23474394882e-10
-4.424896900756e-10
-5.962027500962e-10
-7.850388180636e-10
-1.008430476414e-09
-1.315925435912e-09
-1.841687344228e-09
-2.565446090317e-09
-3.49141768125e-09
-4.663052205593e-09
-6.136667868589e-09
