-8.046775013691e-07
-7.87080269237e-07
-7.053046401909e-07
-6.258830669763e-07
-5.227944435326e-07
-6.08011967803e-07
-5.225022825973e-07
-6.941972101079e-07
-5.767302606819e-07
-5.487177816985e-07
-5.199835867232e-07
-4.713966211519e-07
-4.656501288551e-07
-4.518667571491e-07
-5.170734647355e-07
-4.742277149932e-07
-4.02285262118e-07
-4.069061311406e-07
-3.326266395895e-07
-3.37129719576e-07
-4.478894228995e-07
-3.692720429748e-07
-4.187924494003e-07
-2.133649470753e-07
-2.12284300983e-07
-6.075946619872e-07
-8.457057228103e-07
-2.034095365555e-06
-3.996922419754e-06
-6.894313331727e-06
