-0.1566460365947
-0.1368571848914
-0.1178259244293
-0.09949781168577
-0.08182259012763
-0.06475780022988
-0.04827742974233
-0.03239615075293
-0.01725472062697
-0.003557153483254
0.004554664510239
0.005741400527729
0.005416498627161
0.004663464319752
0.003796249451946
0.002950980459312
0.002191763783544
0.00154641923269
0.001023049271911
0.0006190245568666
0.0003261667615428
0.0001337716072388
3.034385878483e-05
4.556713569669e-06
4.574806000108e-05
0.0001441452049381
0.0002909347471034
0.000478247812574
0.0006991022720208
0.0009473261230479
0.001217475694055
0.001504756040001
0.001804947197816
0.00211433782941
0.002429666578976
0.002748070828467
0.003067042220328
0.003384388190925
0.003698198738068
0.004006817682297
0.004308817744963
0.004602978840102
0.004888269052375
0.005163827845191
0.005428951109278
0.00568307772171
0.005925777338716
0.006156739192877
0.006375761707173
0.006582742775178
0.006777670589158
0.006960614926176
0.007131718826899
0.007291190622901
0.007439296285942
0.00757635208723
0.007702717566107
0.007818788816139
0.007924992102373
0.008021777826913
