-0.005187803773527
-0.004134787665326
-0.003118605233714
-0.002142402843419
-0.001212801597224
-0.0003463008760902
0.0002610890544451
0.0006263960837193
0.0008916552381287
0.001065923435053
0.001152727794737
0.001153029894174
0.001065264382213
0.0008840956069537
0.0005974468410732
0.0001795260549368
-0.001488535813734
-0.004278818874947
-0.008139249708593
-0.0137796498271
-0.02074983624863
-0.02821231115115
-0.03592543412804
-0.04380421047651
-0.05180388677775
-0.05989619990595
-0.0680616887401
-0.0762862656315
-0.08455937643576
-0.09287290208997
