-3.256891364163e-09
-1.382634305825e-09
-6.397846168791e-10
-2.412089048046e-10
-9.657039176146e-11
-4.103807739018e-11
-6.497568492074e-12
-8.937441165207e-13
9.622976282727e-16
1.441545159282e-15
1.684532614562e-15
1.638604844967e-15
2.596360973529e-16
-2.894391476153e-10
-2.425803825967e-09
-6.758854110747e-09
-1.529736858113e-08
-2.634974260156e-08
-4.037181326673e-08
-6.145831524679e-08
-9.09579058409e-08
-1.269505669917e-07
-1.677787453853e-07
-2.131431811657e-07
-2.633269708233e-07
-3.192986424077e-07
-3.83694233346e-07
-4.61477706859e-07
-5.507492935709e-07
-6.517364381414e-07
