-5.721056413069e-09
-1.571308603686e-09
-5.995418769563e-10
-1.808288649891e-10
-8.469370681354e-11
-3.092191112246e-11
-6.748044090141e-12
-1.445169388824e-12
5.166140340198e-16
1.00320253362e-15
1.305633126993e-15
1.181244638229e-15
-3.820244798781e-11
-1.187657628171e-09
-3.968260910461e-09
-9.754525369624e-09
-1.868553650591e-08
-2.998778177669e-08
-4.431813244136e-08
-6.492339885973e-08
-9.490720331531e-08
-1.321701404376e-07
-1.762561433723e-07
-2.271076998434e-07
-2.85648142362e-07
-3.539897427178e-07
-4.364625146881e-07
-5.343205425802e-07
-6.517652959505e-07
-7.97502783056e-07
