2.020885759697e-09
2.088478651743e-09
2.15126228599e-09
2.20757423209e-09
2.255562611069e-09
2.293224069577e-09
2.318476194021e-09
2.329278668734e-09
2.323820487621e-09
2.300791350894e-09
2.259749420072e-09
2.201577356633e-09
2.128974102279e-09
2.04686387454e-09
1.962533620905e-09
1.885290498782e-09
1.825498870288e-09
1.793003170483e-09
1.795136139608e-09
1.834789848237e-09
1.909362840961e-09
2.011319670801e-09
2.13008606697e-09
2.253951458249e-09
2.371281912263e-09
2.471826378498e-09
2.548644711126e-09
2.599629784392e-09
2.627353549162e-09
2.637327803875e-09
2.635844157515e-09
2.628403157599e-09
2.619017683101e-09
2.610173881468e-09
2.603119353876e-09
2.598236347714e-09
2.59537605335e-09
2.594111888486e-09
2.593911518363e-09
2.594243027246e-09
2.594633589645e-09
2.59469642805e-09
2.594138124188e-09
2.592754628717e-09
2.590421577415e-09
2.587082272135e-09
2.582735424498e-09
2.577423684625e-09
2.571223458707e-09
2.564236202004e-09
2.556581096336e-09
2.548389047357e-09
2.539797779525e-09
2.530947898779e-09
2.521979743324e-09
2.51303088041e-09
2.504234134475e-09
2.49571605875e-09
2.487595719107e-09
2.479983781526e-09
