-0.6207018046663
-0.6113199407718
-0.6019399297637
-0.5925617471489
-0.58318536738
-0.5738107640042
-0.5644379098363
-0.5550667771563
-0.5456973379328
-0.5363295640712
-0.5269634276869
-0.5175989014006
-0.5082359586508
-0.4988745740169
-0.489514723542
-0.4801563850391
-0.4707995383586
-0.4614441655856
-0.4520902511242
-0.4427377816097
-0.4333867455721
-0.424037132745
-0.4146889328823
-0.4053421339
-0.3959967191022
-0.3866526631777
-0.3773099265521
-0.3679684475601
-0.3586281317325
-0.3492888372858
-0.3399503556308
-0.3306123853724
-0.3212744978492
-0.3119360917562
-0.3025963338146
-0.2932540818743
-0.2839077863446
-0.27455536564
-0.2651940515958
-0.2558202016365
-0.2464290755306
-0.2370145746981
-0.2275689391942
-0.2180823892672
-0.2085426833091
-0.198934542072
-0.1892388600462
-0.1794315843889
-0.1694820754078
-0.1593506369098
-0.1489846420026
-0.1383120790314
-0.1272503823588
-0.1157087112086
-0.103397440576
-0.08973869864394
-0.07339958442681
-0.05449848180422
-0.03739052970652
-0.02692395312028
-0.0222074441592
-0.01887880973668
-0.01594440406915
-0.01309924777465
-0.01023148914047
-0.007307437247922
-0.004329359672623
-0.001327830577405
2.151544513492e-06
5.08712420911e-06
7.212650374052e-06
8.799722952935e-06
1.000374288606e-05
1.091987611027e-05
1.160896403098e-05
1.211111312413e-05
1.245416170579e-05
1.266109933511e-05
1.275959532686e-05
1.279305594218e-05
1.28210003391e-05
1.289810246384e-05
1.30537095116e-05
1.329202691112e-05
1.360229776005e-05
1.39672680398e-05
1.436808615034e-05
1.478697928258e-05
1.52088038758e-05
1.562188835294e-05
1.601822758764e-05
1.639310437493e-05
1.674436743951e-05
1.707164150448e-05
1.737565376823e-05
1.76577402822e-05
1.791951913097e-05
1.816268984967e-05
1.83889184658e-05
1.859977684486e-05
1.879671489283e-05
1.898105185037e-05
1.91539781833e-05
1.93165629685e-05
1.946976378365e-05
1.961443739325e-05
1.975135029217e-05
1.988118862287e-05
2.000456724685e-05
2.012203790151e-05
2.023409645596e-05
2.034118932187e-05
2.044371909456e-05
2.054204950526e-05
2.063650976405e-05
2.072739836784e-05
2.081498644073e-05
2.089952066695e-05
2.09812258691e-05
2.106030727804e-05
2.113695253446e-05
2.121133345692e-05
2.12836076065e-05
2.135391967384e-05
2.142240271119e-05
2.148917922875e-05
2.155436217202e-05
2.161805579478e-05
2.16803564401e-05
2.174135324045e-05
2.180112874632e-05
2.185975949153e-05
2.191731650263e-05
2.197386575844e-05
2.202946860547e-05
2.208418213384e-05
2.213805951814e-05
2.219115032674e-05
2.224350080314e-05
2.229515412189e-05
2.234615062202e-05
2.239652802001e-05
2.24463216044e-05
2.249556441387e-05
2.254428740035e-05
2.259251957858e-05
2.264028816343e-05
2.268761869609e-05
2.273453516018e-05
2.278106008866e-05
2.282721466235e-05
2.287301880093e-05
2.291849124689e-05
2.296364964317e-05
2.300851060501e-05
2.305308978642e-05
2.309740194189e-05
2.31414609835e-05
2.318528003404e-05
2.322887147627e-05
2.327224699882e-05
2.331541763873e-05
2.335839382126e-05
2.340118539678e-05
2.344380167529e-05
2.348625145859e-05
2.352854307029e-05
2.357068438383e-05
2.361268284872e-05
2.365454551503e-05
2.369627905635e-05
2.37378897912e-05
2.377938370322e-05
2.382076645995e-05
2.386204343055e-05
2.390321970235e-05
2.394430009645e-05
2.398528918232e-05
2.402619129154e-05
2.40670105307e-05
2.410775079356e-05
2.414841577249e-05
2.418900896917e-05
2.422953370478e-05
2.426999312949e-05
2.431039023149e-05
2.435072784544e-05
2.439100866049e-05
2.44312352278e-05
2.447140996769e-05
2.451153517632e-05
2.455161303209e-05
2.459164560164e-05
2.463163484547e-05
2.467158262336e-05
2.471149069942e-05
2.475136074691e-05
2.479119435276e-05
2.483099302187e-05
2.487075818121e-05
